0 -0.009  0.000  0.000  0.000 -0.000  0.003 
1 -0.021  0.000  0.000  0.000  0.000 -0.016 
2 -0.034  0.000  0.000  0.000  0.001 -0.029 
3 -0.047  0.000  0.000  0.000  0.001 -0.037 
4 -0.057  0.000  0.000  0.000  0.000 -0.037 
5 -0.067  0.000  0.000  0.000 -0.001 -0.025 
6 -0.074  0.000 -0.000  0.000 -0.003 -0.016 
7 -0.080  0.000 -0.000  0.000 -0.004 -0.022 
8 -0.085  0.000 -0.000  0.000 -0.007 -0.027 
9 -0.088  0.000 -0.000  0.000 -0.010 -0.030 
10 -0.091  0.000 -0.000  0.000 -0.014 -0.010 
11 -0.093  0.000 -0.000  0.000 -0.019  0.015 
12 -0.095  0.000 -0.000  0.000 -0.023  0.034 
13 -0.096  0.000 -0.000  0.000 -0.027  0.039 
14 -0.097  0.000 -0.000  0.000 -0.033  0.043 
15 -0.098  0.000 -0.000  0.001 -0.042  0.173 
16 -0.098  0.000 -0.000  0.001 -0.053  0.260 
17 -0.098  0.000 -0.000  0.002 -0.064  0.251 
18 -0.099  0.000 -0.000  0.001 -0.077 -0.002 
19 -0.099  0.000 -0.001  0.001 -0.088 -0.257 
20 -0.099  0.000 -0.001  0.000 -0.101 -0.401 
21 -0.099  0.000 -0.001  0.000 -0.122 -0.406 
22 -0.099  0.000 -0.001 -0.000 -0.141 -0.464 
23 -0.099  0.000 -0.002 -0.002 -0.150 -0.782 
24 -0.099  0.000 -0.002 -0.004 -0.164 -1.083 
25 -0.099  0.000 -0.002 -0.006 -0.183 -0.884 
26 -0.099  0.000 -0.003 -0.008 -0.201 -0.838 
27 -0.099  0.000 -0.003 -0.009 -0.206 -0.895 
28 -0.099  0.000 -0.003 -0.012 -0.207 -0.950 
29 -0.099  0.000 -0.004 -0.013 -0.204 -0.856 
30 -0.099  0.000 -0.004 -0.015 -0.204 -0.624 
31 -0.099  0.000 -0.005 -0.016 -0.217 -0.425 
32 -0.099  0.000 -0.005 -0.017 -0.227 -0.454 
33 -0.099  0.000 -0.006 -0.018 -0.230 -0.616 
34 -0.099  0.000 -0.006 -0.019 -0.237 -0.640 
35 -0.099  0.000 -0.007 -0.020 -0.243 -0.391 
36 -0.099  0.000 -0.007 -0.021 -0.254 -0.348 
37 -0.099  0.000 -0.008 -0.021 -0.256 -0.435 
38 -0.099  0.000 -0.008 -0.022 -0.266 -0.439 
39 -0.099  0.000 -0.009 -0.023 -0.275 -0.393 
40 -0.072  0.018 -0.009 -0.024 -0.289 -0.312 
41 -0.035  0.043 -0.010 -0.025 -0.294 -0.430 
42  0.004  0.069 -0.010 -0.025 -0.292 -0.271 
43  0.041  0.094 -0.011 -0.025 -0.276 -0.050 
44  0.073  0.115 -0.012 -0.025 -0.270  0.220 
45  0.101  0.134 -0.012 -0.024 -0.262  0.644 
46  0.123  0.148 -0.013 -0.021 -0.247  1.013 
47  0.141  0.160 -0.013 -0.018 -0.222  1.381 
48  0.155  0.170 -0.013 -0.012 -0.184  2.535 
49  0.166  0.177 -0.014 -0.003 -0.128  3.999 
50  0.174  0.182 -0.014  0.007 -0.065  5.332 
51  0.180  0.187 -0.014  0.020 -0.008  6.924 
52  0.185  0.190 -0.014  0.038  0.070  8.710 
53  0.189  0.192 -0.013  0.059  0.157  10.639 
54  0.192  0.194 -0.013  0.084  0.239  12.738 
55  0.194  0.196 -0.012  0.113  0.313  14.596 
56  0.195  0.197 -0.011  0.144  0.376  15.842 
57  0.196  0.197 -0.011  0.178  0.431  17.085 
58  0.197  0.198 -0.010  0.214  0.474  18.111 
59  0.198  0.198 -0.009  0.251  0.476  18.341 
60  0.162  0.199 -0.008  0.286  0.474  17.950 
61  0.112  0.199 -0.007  0.323  0.500  18.527 
62  0.060  0.199 -0.006  0.362  0.551  19.755 
63  0.010  0.199 -0.004  0.405  0.602  21.635 
64 -0.032  0.199 -0.003  0.451  0.637  23.087 
65 -0.068  0.199 -0.002  0.499  0.657  24.417 
66 -0.098  0.199 -0.001  0.550  0.651  25.458 
67 -0.121  0.199  0.000  0.601  0.574  25.553 
68 -0.140  0.199  0.001  0.650  0.418  23.977 
69 -0.154  0.199  0.001  0.695  0.249  22.626 
70 -0.166  0.199  0.001  0.740  0.109  22.255 
71 -0.174  0.199  0.001  0.785 -0.028  22.710 
72 -0.181  0.199  0.001  0.832 -0.146  23.602 
73 -0.185  0.199  0.001  0.881 -0.254  24.563 
74 -0.189  0.199  0.000  0.931 -0.330  25.158 
75 -0.192  0.199 -0.000  0.981 -0.389  25.096 
76 -0.194  0.199 -0.001  1.031 -0.439  24.744 
77 -0.195  0.199 -0.002  1.078 -0.456  23.643 
78 -0.196  0.199 -0.003  1.125 -0.515  23.512 
79 -0.197  0.199 -0.004  1.172 -0.561  23.602 
80 -0.171  0.190 -0.005  1.209 -0.576  24.272 
81 -0.134  0.178 -0.006  1.259 -0.600  25.213 
82 -0.094  0.165 -0.007  1.311 -0.645  26.139 
83 -0.057  0.152 -0.008  1.362 -0.602  25.115 
84 -0.025  0.142 -0.009  1.408 -0.489  22.581 
85  0.001  0.132 -0.010  1.449 -0.396  20.366 
86  0.023  0.125 -0.011  1.488 -0.349  19.528 
87  0.041  0.119 -0.012  1.527 -0.330  19.326 
88  0.055  0.114 -0.012  1.565 -0.297  19.231 
89  0.066  0.111 -0.013  1.605 -0.254  20.125 
90  0.074  0.108 -0.013  1.647 -0.191  20.860 
91  0.080  0.106 -0.013  1.690 -0.131  21.673 
92  0.085  0.104 -0.013  1.734 -0.055  21.896 
93  0.089  0.103 -0.013  1.777  0.025  21.545 
94  0.092  0.102 -0.013  1.819  0.050  20.567 
95  0.094  0.101 -0.013  1.857  0.020  18.804 
96  0.095  0.101 -0.013  1.892  0.017  17.440 
97  0.096  0.101 -0.013  1.926  0.046  16.875 
98  0.097  0.100 -0.013  1.959  0.107  16.970 
99  0.098  0.100 -0.013  1.994  0.174  17.477 
100  0.071  0.082 -0.012  2.031  0.240  18.287 
101  0.034  0.057 -0.012  2.069  0.263  19.686 
102 -0.005  0.030 -0.011  2.110  0.263  20.193 
103 -0.042  0.005 -0.011  2.148  0.208  18.847 
104 -0.074 -0.015 -0.010  2.183  0.140  17.125 
105 -0.101 -0.034 -0.010  2.215  0.084  15.647 
106 -0.123 -0.048 -0.010  2.244  0.023  14.316 
107 -0.141 -0.060 -0.010  2.269 -0.038  12.639 
108 -0.155 -0.070 -0.010  2.290 -0.116  11.207 
109 -0.166 -0.077 -0.011  2.307 -0.226  8.584 
110 -0.174 -0.082 -0.012  2.319 -0.344  6.079 
111 -0.180 -0.087 -0.013  2.325 -0.449  3.329 
112 -0.185 -0.090 -0.014  2.329 -0.527  1.764 
113 -0.189 -0.092 -0.015  2.331 -0.553  1.066 
114 -0.192 -0.094 -0.016  2.332 -0.586  0.745 
115 -0.194 -0.096 -0.017  2.331 -0.643 -0.710 
116 -0.195 -0.097 -0.019  2.327 -0.720 -2.216 
117 -0.196 -0.097 -0.020  2.319 -0.804 -4.064 
118 -0.197 -0.098 -0.022  2.309 -0.877 -5.589 
119 -0.198 -0.098 -0.024  2.295 -0.936 -6.859 
120 -0.171 -0.108 -0.026  2.280 -0.965 -7.650 
121 -0.134 -0.121 -0.028  2.265 -0.902 -7.382 
122 -0.094 -0.134 -0.029  2.252 -0.816 -6.491 
123 -0.057 -0.146 -0.031  2.239 -0.775 -6.592 
124 -0.025 -0.157 -0.032  2.225 -0.754 -7.065 
125  0.001 -0.166 -0.034  2.209 -0.738 -8.142 
126  0.023 -0.174 -0.035  2.189 -0.727 -9.334 
127  0.041 -0.180 -0.037  2.168 -0.716 -10.471 
128  0.055 -0.185 -0.038  2.146 -0.712 -10.856 
129  0.066 -0.188 -0.039  2.124 -0.704 -11.309 
130  0.074 -0.191 -0.041  2.102 -0.622 -9.977 
131  0.080 -0.193 -0.042  2.083 -0.464 -8.102 
132  0.085 -0.195 -0.042  2.068 -0.329 -6.965 
133  0.089 -0.196 -0.043  2.054 -0.236 -6.359 
134  0.092 -0.197 -0.043  2.041 -0.173 -6.676 
135  0.094 -0.198 -0.043  2.026 -0.101 -7.632 
136  0.095 -0.198 -0.043  2.009 -0.008 -8.185 
137  0.096 -0.198 -0.043  1.993  0.054 -7.903 
138  0.097 -0.199 -0.043  1.979  0.099 -7.342 
139  0.098 -0.199 -0.043  1.964  0.153 -7.496 
140  0.080 -0.190 -0.042  1.948  0.210 -8.328 
141  0.055 -0.178 -0.042  1.930  0.267 -9.234 
142  0.029 -0.164 -0.041  1.911  0.304 -9.824 
143  0.005 -0.152 -0.040  1.893  0.322 -9.824 
144 -0.016 -0.141 -0.040  1.875  0.336 -9.480 
145 -0.034 -0.132 -0.039  1.857  0.320 -9.254 
146 -0.049 -0.125 -0.038  1.838  0.289 -9.486 
147 -0.060 -0.119 -0.038  1.819  0.242 -9.575 
148 -0.070 -0.114 -0.037  1.799  0.190 -9.561 
149 -0.077 -0.111 -0.037  1.781  0.121 -9.064 
150 -0.083 -0.108 -0.037  1.763  0.059 -8.811 
151 -0.087 -0.106 -0.037  1.745 -0.008 -9.379 
152 -0.090 -0.104 -0.037  1.725 -0.069 -10.231 
153 -0.092 -0.103 -0.037  1.703 -0.140 -11.161 
154 -0.094 -0.102 -0.038  1.679 -0.204 -12.061 
155 -0.096 -0.101 -0.038  1.653 -0.261 -13.078 
156 -0.097 -0.101 -0.039  1.624 -0.308 -14.268 
157 -0.097 -0.101 -0.040  1.595 -0.362 -15.034 
158 -0.098 -0.100 -0.040  1.565 -0.386 -15.064 
159 -0.098 -0.100 -0.041  1.536 -0.352 -14.106 
160 -0.072 -0.100 -0.042  1.510 -0.310 -12.816 
161 -0.034 -0.100 -0.042  1.486 -0.292 -12.265 
162  0.004 -0.100 -0.043  1.461 -0.301 -12.296 
163  0.041 -0.100 -0.044  1.436 -0.325 -12.879 
164  0.074 -0.100 -0.044  1.410 -0.333 -13.342 
165  0.101 -0.100 -0.045  1.383 -0.321 -13.473 
166  0.123 -0.100 -0.046  1.357 -0.286 -12.819 
167  0.141 -0.100 -0.046  1.334 -0.191 -10.935 
168  0.155 -0.100 -0.046  1.316 -0.087 -9.008 
169  0.166 -0.100 -0.046  1.300 -0.010 -7.847 
170  0.174 -0.100 -0.046  1.286  0.057 -7.524 
171  0.180 -0.100 -0.046  1.271  0.132 -8.082 
172  0.185 -0.100 -0.045  1.254  0.195 -8.607 
173  0.189 -0.100 -0.045  1.236  0.214 -9.393 
174  0.192 -0.100 -0.044  1.217  0.218 -9.561 
175  0.194 -0.100 -0.044  1.198  0.242 -9.609 
176  0.195 -0.100 -0.043  1.180  0.265 -9.755 
177  0.196 -0.100 -0.043  1.162  0.283 -9.910 
178  0.197 -0.100 -0.042  1.142  0.316 -10.472 
179  0.198 -0.100 -0.041  1.121  0.363 -11.361 
180  0.198 -0.109 -0.040  1.098  0.391 -12.058 
181  0.199 -0.121 -0.040  1.077  0.391 -11.431 
182  0.199 -0.134 -0.039  1.056  0.419 -10.940 
183  0.199 -0.147 -0.038  1.035  0.450 -11.103 
184  0.199 -0.157 -0.037  1.011  0.506 -12.124 
185  0.199 -0.167 -0.036  0.986  0.559 -12.805 
186  0.199 -0.174 -0.034  0.959  0.633 -13.724 
187  0.199 -0.180 -0.033  0.930  0.672 -14.415 
188  0.199 -0.185 -0.032  0.899  0.701 -15.551 
189  0.199 -0.188 -0.030  0.865  0.728 -16.606 
190  0.199 -0.191 -0.029  0.828  0.773 -18.012 
191  0.199 -0.193 -0.027  0.789  0.797 -19.226 
192  0.199 -0.195 -0.026  0.746  0.835 -21.101 
193  0.199 -0.196 -0.024  0.701  0.868 -22.491 
194  0.199 -0.197 -0.022  0.654  0.906 -23.665 
195  0.199 -0.198 -0.020  0.605  0.944 -24.643 
196  0.199 -0.198 -0.018  0.555  0.983 -25.519 
197  0.199 -0.198 -0.016  0.503  1.028 -26.214 
198  0.199 -0.199 -0.014  0.451  1.042 -26.154 
199  0.199 -0.199 -0.012  0.397  1.076 -26.722 
200  0.190 -0.181 -0.010  0.343  1.070 -26.687 
201  0.178 -0.156 -0.008  0.288  1.082 -27.261 
202  0.165 -0.130 -0.006  0.234  1.072 -27.206 
203  0.152 -0.105 -0.003  0.179  1.059 -27.016 
204  0.142 -0.083 -0.001  0.129  0.971 -24.861 
205  0.132 -0.065 -0.000  0.095  0.890 -22.800 
206  0.125 -0.050  0.000  0.055  0.787 -20.098 
207  0.119 -0.039  0.002  0.019  0.716 -18.029 
208  0.114 -0.029  0.003 -0.012  0.672 -16.130 
209  0.111 -0.022  0.005 -0.041  0.633 -14.343 
210  0.108 -0.016  0.006 -0.067  0.622 -12.999 
211  0.106 -0.012  0.007 -0.091  0.587 -11.851 
212  0.104 -0.009  0.008 -0.114  0.556 -11.311 
213  0.103 -0.007  0.009 -0.137  0.526 -10.956 
214  0.102 -0.005  0.010 -0.159  0.518 -10.908 
215  0.101 -0.003  0.011 -0.180  0.516 -10.324 
216  0.101 -0.002  0.012 -0.200  0.532 -9.749 
217  0.101 -0.002  0.013 -0.219  0.539 -9.256 
218  0.100 -0.001  0.014 -0.238  0.526 -9.220 
219  0.100 -0.001  0.015 -0.256  0.508 -8.835 
220  0.082  0.008  0.016 -0.272  0.515 -8.182 
221  0.057  0.021  0.017 -0.287  0.542 -7.256 
222  0.030  0.034  0.019 -0.300  0.565 -6.430 
223  0.005  0.046  0.020 -0.312  0.563 -5.918 
224 -0.015  0.057  0.021 -0.324  0.535 -5.967 
225 -0.034  0.066  0.022 -0.336  0.493 -5.973 
226 -0.048  0.074  0.023 -0.348  0.464 -5.816 
227 -0.060  0.080  0.024 -0.359  0.447 -5.553 
228 -0.070  0.085  0.024 -0.370  0.410 -5.007 
229 -0.077  0.088  0.025 -0.378  0.352 -3.984 
230 -0.082  0.091  0.026 -0.383  0.295 -2.420 
231 -0.087  0.093  0.026 -0.386  0.299 -0.940 
232 -0.090  0.095  0.027 -0.386  0.309 -0.087 
233 -0.092  0.096  0.028 -0.385  0.325  0.110 
234 -0.094  0.097  0.028 -0.384  0.318  0.840 
235 -0.096  0.098  0.029 -0.380  0.296  1.574 
236 -0.097  0.098  0.029 -0.373  0.222  3.090 
237 -0.097  0.098  0.029 -0.362  0.119  5.257 
238 -0.098  0.099  0.030 -0.348  0.041  6.943 
239 -0.098  0.099  0.030 -0.332  0.008  7.647 
240 -0.081  0.108  0.030 -0.317 -0.002  7.700 
241 -0.056  0.121  0.029 -0.301 -0.022  7.818 
242 -0.029  0.134  0.029 -0.284 -0.063  8.465 
243 -0.005  0.147  0.029 -0.265 -0.106  9.529 
244  0.016  0.157  0.029 -0.244 -0.140  10.934 
245  0.034  0.166  0.029 -0.220 -0.142  11.829 
246  0.049  0.174  0.028 -0.195 -0.119  12.308 
247  0.060  0.180  0.028 -0.172 -0.068  11.437 
248  0.070  0.185  0.028 -0.151  0.007  10.439 
249  0.077  0.188  0.028 -0.131  0.106  10.270 
250  0.083  0.191  0.029 -0.111  0.199  10.586 
251  0.087  0.193  0.029 -0.090  0.285  11.104 
252  0.090  0.195  0.030 -0.067  0.358  11.842 
253  0.092  0.196  0.031 -0.043  0.425  12.455 
254  0.094  0.197  0.032 -0.017  0.499  13.242 
255  0.096  0.198  0.033  0.009  0.589  14.372 
256  0.097  0.198  0.034  0.039  0.640  14.909 
257  0.097  0.198  0.036  0.068  0.648  14.720 
258  0.098  0.199  0.037  0.097  0.648  14.625 
259  0.098  0.199  0.038  0.127  0.641  14.441 
260  0.072  0.163  0.040  0.157  0.631  14.165 
261  0.034  0.113  0.041  0.186  0.613  14.365 
262 -0.004  0.060  0.042  0.217  0.606  15.032 
263 -0.041  0.011  0.043  0.249  0.607  15.583 
264 -0.074 -0.032  0.044  0.280  0.606  15.765 
265 -0.101 -0.068  0.045  0.311  0.574  15.078 
266 -0.123 -0.097  0.046  0.338  0.491  13.069 
267 -0.141 -0.121  0.047  0.360  0.391  10.612 
268 -0.155 -0.140  0.048  0.377  0.294  8.161 
269 -0.166 -0.154  0.048  0.388  0.220  6.221 
270 -0.174 -0.166  0.049  0.395  0.118  3.613 
271 -0.180 -0.174  0.049  0.395  0.000  0.566 
272 -0.185 -0.181  0.048  0.391 -0.107 -1.947 
273 -0.189 -0.185  0.048  0.383 -0.166 -4.024 
274 -0.192 -0.189  0.048  0.369 -0.241 -6.640 
275 -0.194 -0.192  0.047  0.350 -0.333 -9.520 
276 -0.195 -0.194  0.046  0.327 -0.434 -12.273 
277 -0.196 -0.195  0.045  0.299 -0.515 -14.268 
278 -0.197 -0.196  0.044  0.268 -0.571 -15.584 
279 -0.198 -0.197  0.043  0.234 -0.617 -17.004 
280 -0.162 -0.180  0.041  0.198 -0.663 -18.166 
281 -0.112 -0.155  0.040  0.161 -0.675 -18.484 
282 -0.060 -0.129  0.039  0.126 -0.631 -17.322 
283 -0.010 -0.105  0.037  0.095 -0.575 -15.832 
284  0.032 -0.083  0.036  0.065 -0.533 -14.813 
285  0.068 -0.065  0.035  0.036 -0.504 -14.326 
286  0.098 -0.050  0.034  0.007 -0.455 -14.086 
287  0.121 -0.039  0.034 -0.019 -0.397 -13.723 
288  0.140 -0.029  0.033 -0.045 -0.325 -12.486 
289  0.154 -0.022  0.033 -0.066 -0.230 -10.659 
290  0.166 -0.016  0.032 -0.082 -0.108 -8.083 
291  0.174 -0.012  0.032 -0.090  0.039 -4.800 
292  0.181 -0.009  0.033 -0.094  0.166 -2.133 
293  0.185 -0.007  0.033 -0.096  0.274 -0.680 
294  0.189 -0.005  0.034 -0.095  0.361  0.204 
295  0.192 -0.003  0.035 -0.094  0.416  0.617 
296  0.194 -0.002  0.036 -0.092  0.458  0.811 
297  0.195 -0.002  0.037 -0.089  0.495  1.186 
298  0.196 -0.001  0.038 -0.087  0.546  1.283 
299  0.197 -0.001  0.039 -0.085  0.560  0.731 
300  0.198 -0.018  0.040 -0.084  0.572  0.410 
301  0.198 -0.043  0.041 -0.083  0.572  0.638 
302  0.199 -0.070  0.042 -0.081  0.590  0.713 
303  0.199 -0.094  0.044 -0.081  0.606  0.226 
304  0.199 -0.116  0.045 -0.082  0.643 -0.990 
305  0.199 -0.134  0.046 -0.086  0.676 -2.157 
306  0.199 -0.149  0.048 -0.093  0.738 -3.638 
307  0.199 -0.160  0.049 -0.102  0.763 -4.430 
308  0.199 -0.170  0.051 -0.112  0.781 -4.941 
309  0.199 -0.177  0.052 -0.123  0.801 -5.443 
310  0.199 -0.183  0.054 -0.136  0.847 -6.649 
311  0.199 -0.187  0.056 -0.151  0.888 -7.902 
312  0.199 -0.190  0.058 -0.170  0.947 -9.744 
313  0.199 -0.192  0.060 -0.193  0.982 -11.139 
314  0.199 -0.194  0.062 -0.215  0.970 -11.444 
315  0.199 -0.196  0.064 -0.237  0.944 -10.596 
316  0.199 -0.197  0.065 -0.258  0.937 -10.300 
317  0.199 -0.197  0.067 -0.279  0.955 -10.939 
318  0.199 -0.198  0.069 -0.302  0.975 -11.851 
319  0.199 -0.198  0.071 -0.329  1.017 -13.678 
320  0.172 -0.163  0.073 -0.359  1.052 -15.210 
321  0.135 -0.113  0.076 -0.393  1.093 -17.491 
322  0.095 -0.060  0.078 -0.431  1.104 -18.961 
323  0.058 -0.010  0.080 -0.471  1.122 -20.396 
324  0.026  0.032  0.082 -0.512  1.106 -20.539 
325 -0.001  0.068  0.084 -0.553  1.091 -20.400 
326 -0.023  0.098  0.087 -0.592  1.043 -19.214 
327 -0.041  0.121  0.089 -0.628  0.992 -17.549 
328 -0.055  0.140  0.090 -0.658  0.921 -14.861 
329 -0.066  0.154  0.092 -0.683  0.838 -11.986 
330 -0.074  0.166  0.093 -0.697  0.755 -9.450 
331 -0.080  0.174  0.095 -0.710  0.646 -5.732 
332 -0.085  0.181  0.096 -0.715  0.532 -2.274 
333 -0.089  0.185  0.096 -0.712  0.410  1.608 
334 -0.092  0.189  0.097 -0.701  0.279  5.726 
335 -0.094  0.192  0.097 -0.682  0.151  9.468 
336 -0.095  0.194  0.097 -0.658  0.040  12.295 
337 -0.096  0.195  0.097 -0.633 -0.033  12.094 
338 -0.097  0.196  0.097 -0.609 -0.058  11.951 
339 -0.098  0.197  0.097 -0.584 -0.078  12.565 
340 -0.080  0.180  0.097 -0.556 -0.130  14.399 
341 -0.055  0.155  0.097 -0.523 -0.179  16.736 
342 -0.029  0.129  0.096 -0.485 -0.232  19.139 
343 -0.005  0.105  0.096 -0.444 -0.270  21.053 
344  0.016  0.083  0.095 -0.399 -0.290  22.618 
345  0.034  0.065  0.094 -0.352 -0.254  22.875 
346  0.049  0.050  0.094 -0.308 -0.176  21.918 
347  0.060  0.039  0.094 -0.268 -0.097  19.418 
348  0.070  0.029  0.094 -0.236 -0.058  15.895 
349  0.077  0.022  0.094 -0.209  0.012  13.302 
350  0.083  0.016  0.094 -0.187  0.150  10.983 
351  0.087  0.012  0.095 -0.169  0.304  9.355 
352  0.090  0.009  0.095 -0.152  0.388  8.479 
353  0.092  0.007  0.096 -0.137  0.426  7.565 
354  0.094  0.005  0.097 -0.123  0.446  6.661 
355  0.096  0.003  0.098 -0.111  0.465  6.130 
356  0.097  0.002  0.099 -0.099  0.481  5.827 
357  0.097  0.002  0.100 -0.089  0.503  5.166 
358  0.098  0.001  0.101 -0.079  0.527  4.745 
359  0.098  0.001  0.102 -0.070  0.539  4.523 
360  0.081  0.000  0.103 -0.061  0.541  4.627 
361  0.056  0.000  0.104 -0.052  0.531  4.688 
362  0.029  0.000  0.105 -0.043  0.524  4.582 
363  0.005  0.000  0.106 -0.034  0.521  4.557 
364 -0.016  0.000  0.107 -0.025  0.518  4.357 
365 -0.034  0.000  0.108 -0.016  0.504  4.365 
366 -0.049  0.000  0.109 -0.008  0.471  4.235 
367 -0.060  0.000  0.110  0.000  0.441  4.088 
368 -0.070  0.000  0.111  0.007  0.428  3.881 
369 -0.077  0.000  0.112  0.015  0.424  3.973 
370 -0.083  0.000  0.113  0.023  0.407  3.748 
371 -0.087  0.000  0.114  0.030  0.371  3.526 
372 -0.090  0.000  0.114  0.037  0.325  3.257 
373 -0.092  0.000  0.115  0.043  0.263  2.705 
374 -0.094  0.000  0.115  0.047  0.201  2.065 
375 -0.096  0.000  0.115  0.050  0.152  1.476 
376 -0.097  0.000  0.116  0.052  0.116  1.046 
377 -0.097  0.000  0.116  0.054  0.113  1.050 
378 -0.098  0.000  0.116  0.057  0.124  1.316 
379 -0.098  0.000  0.116  0.061  0.118  1.497 
380 -0.099 -0.008  0.116  0.065  0.079  1.961 
381 -0.099 -0.021  0.116  0.069  0.042  2.477 
382 -0.099 -0.034  0.116  0.072 -0.000  2.321 
383 -0.099 -0.047  0.116  0.076 -0.029  1.987 
384 -0.099 -0.057  0.116  0.078 -0.039  1.905 
385 -0.099 -0.067  0.116  0.081 -0.024  1.877 
386 -0.099 -0.074  0.116  0.083 -0.008  1.633 
387 -0.099 -0.080  0.116  0.083 -0.027  0.776 
388 -0.099 -0.085  0.116  0.082 -0.062 -0.399 
389 -0.099 -0.088  0.116  0.081 -0.050 -1.397 
390 -0.099 -0.091  0.116  0.079 -0.010 -1.362 
391 -0.099 -0.093  0.116  0.077  0.019 -1.262 
392 -0.099 -0.095  0.116  0.074  0.035 -1.314 
393 -0.099 -0.096  0.116  0.070  0.022 -1.887 
394 -0.099 -0.097  0.116  0.065 -0.010 -3.007 
395 -0.099 -0.098  0.116  0.057 -0.070 -4.241 
396 -0.099 -0.098  0.116  0.047 -0.122 -5.234 
397 -0.099 -0.098  0.116  0.035 -0.156 -5.945 
398 -0.099 -0.099  0.115  0.022 -0.185 -6.637 
399 -0.099 -0.099  0.115  0.008 -0.215 -7.389 
400 -0.108 -0.099  0.114 -0.008 -0.252 -8.177 
401 -0.121 -0.099  0.114 -0.025 -0.285 -8.923 
402 -0.134 -0.099  0.113 -0.043 -0.298 -9.095 
403 -0.147 -0.099  0.112 -0.060 -0.293 -8.766 
404 -0.157 -0.099  0.112 -0.077 -0.291 -8.558 
405 -0.167 -0.099  0.111 -0.095 -0.315 -8.933 
406 -0.174 -0.099  0.110 -0.113 -0.357 -9.778 
407 -0.180 -0.099  0.110 -0.134 -0.407 -10.604 
408 -0.185 -0.099  0.109 -0.155 -0.433 -10.904 
409 -0.188 -0.099  0.108 -0.177 -0.417 -10.568 
410 -0.191 -0.099  0.107 -0.198 -0.402 -10.616 
411 -0.193 -0.099  0.106 -0.220 -0.418 -11.379 
412 -0.195 -0.099  0.105 -0.244 -0.457 -12.484 
413 -0.196 -0.099  0.104 -0.270 -0.538 -13.773 
414 -0.197 -0.099  0.103 -0.299 -0.613 -14.807 
415 -0.198 -0.099  0.102 -0.329 -0.666 -15.587 
416 -0.198 -0.099  0.100 -0.360 -0.668 -15.340 
417 -0.198 -0.099  0.099 -0.389 -0.634 -14.285 
418 -0.199 -0.099  0.098 -0.417 -0.627 -13.861 
419 -0.199 -0.099  0.096 -0.444 -0.655 -13.789 
420 -0.172 -0.108  0.095 -0.472 -0.698 -14.267 
421 -0.134 -0.121  0.094 -0.502 -0.733 -14.847 
422 -0.095 -0.134  0.092 -0.534 -0.760 -15.787 
423 -0.058 -0.147  0.091 -0.568 -0.777 -16.859 
424 -0.025 -0.157  0.089 -0.603 -0.784 -17.628 
425  0.001 -0.167  0.088 -0.640 -0.776 -17.816 
426  0.023 -0.174  0.086 -0.674 -0.682 -16.309 
427  0.041 -0.180  0.085 -0.703 -0.547 -13.887 
428  0.055 -0.185  0.084 -0.728 -0.457 -12.134 
429  0.066 -0.188  0.083 -0.752 -0.396 -11.710 
430  0.074 -0.191  0.083 -0.776 -0.325 -12.383 
431  0.080 -0.193  0.082 -0.804 -0.262 -13.627 
432  0.085 -0.195  0.082 -0.833 -0.216 -15.021 
433  0.089 -0.196  0.081 -0.866 -0.179 -16.194 
434  0.092 -0.197  0.081 -0.899 -0.107 -16.344 
435  0.094 -0.198  0.081 -0.930 -0.006 -15.348 
436  0.095 -0.198  0.081 -0.960  0.045 -15.176 
437  0.096 -0.198  0.081 -0.991  0.062 -15.290 
438  0.097 -0.199  0.081 -1.023  0.087 -16.285 
439  0.098 -0.199  0.082 -1.058  0.138 -17.906 
440  0.107 -0.199  0.082 -1.097  0.182 -19.625 
441  0.120 -0.199  0.083 -1.139  0.243 -21.490 
442  0.134 -0.199  0.083 -1.184  0.304 -22.307 
443  0.146 -0.199  0.084 -1.228  0.330 -21.641 
444  0.157 -0.199  0.084 -1.268  0.274 -19.738 
445  0.166 -0.199  0.085 -1.306  0.249 -19.330 
446  0.174 -0.199  0.085 -1.345  0.283 -19.740 
447  0.180 -0.199  0.086 -1.388  0.357 -21.323 
448  0.184 -0.199  0.087 -1.433  0.431 -22.670 
449  0.188 -0.199  0.088 -1.481  0.514 -24.191 
450  0.191 -0.199  0.089 -1.531  0.543 -24.741 
451  0.193 -0.199  0.090 -1.579  0.528 -24.249 
452  0.195 -0.199  0.091 -1.625  0.482 -22.817 
453  0.196 -0.199  0.092 -1.669  0.444 -21.641 
454  0.197 -0.199  0.093 -1.712  0.449 -21.555 
455  0.198 -0.199  0.094 -1.755  0.474 -21.817 
456  0.198 -0.199  0.095 -1.789  0.509 -22.508 
457  0.198 -0.199  0.096 -1.835  0.544 -23.027 
458  0.199 -0.199  0.097 -1.882  0.585 -23.555 
459  0.199 -0.199  0.098 -1.929  0.587 -23.220 
460  0.199 -0.199  0.099 -1.975  0.587 -23.036 
461  0.199 -0.199  0.100 -2.019  0.550 -22.160 
462  0.199 -0.199  0.101 -2.063  0.548 -21.768 
463  0.199 -0.199  0.103 -2.107  0.568 -21.797 
464  0.199 -0.199  0.104 -2.152  0.622 -22.704 
465  0.199 -0.199  0.105 -2.199  0.688 -23.925 
466  0.199 -0.199  0.107 -2.250  0.761 -25.287 
467  0.199 -0.199  0.108 -2.303  0.825 -26.678 
468  0.199 -0.199  0.110 -2.357  0.865 -27.313 
469  0.199 -0.199  0.112 -2.413  0.920 -28.362 
470  0.199 -0.199  0.114 -2.470  0.943 -28.698 
471  0.199 -0.199  0.116 -2.528  0.986 -29.385 
472  0.199 -0.199  0.118 -2.587  0.998 -29.509 
473  0.199 -0.199  0.120 -2.647  1.030 -30.007 
474  0.199 -0.199  0.122 -2.706  1.026 -29.576 
475  0.199 -0.199  0.124 -2.765  1.047 -29.824 
476  0.199 -0.199  0.126 -2.822  1.053 -29.363 
477  0.199 -0.199  0.128 -2.879  1.089 -28.768 
478  0.199 -0.199  0.131 -2.934  1.103 -27.875 
479  0.199 -0.199  0.133 -2.989  1.124 -27.784 
480  0.199 -0.181  0.135 -3.045  1.119 -27.260 
481  0.199 -0.156  0.137 -3.101  1.128 -27.500 
482  0.199 -0.130  0.139 -3.158  1.115 -27.837 
483  0.199 -0.105  0.142 -3.215  1.107 -28.271 
484  0.199 -0.084  0.144 -3.270  1.082 -27.812 
485  0.199 -0.065  0.146 -3.322  1.034 -25.801 
486  0.199 -0.051  0.148 -3.369  0.888 -23.640 
487  0.199 -0.039  0.149 -3.414  0.729 -22.027 
488  0.199 -0.029  0.151 -3.455  0.653 -20.380 
489  0.199 -0.022  0.152 -3.490  0.599 -17.985 
490  0.199 -0.017  0.153 -3.520  0.611 -14.858 
491  0.199 -0.012  0.154 -3.544  0.652 -11.675 
492  0.199 -0.009  0.156 -3.562  0.723 -9.340 
493  0.199 -0.007  0.157 -3.577  0.797 -7.183 
494  0.199 -0.005  0.159 -3.588  0.882 -5.672 
495  0.199 -0.003  0.161 -3.596  0.960 -3.875 
496  0.199 -0.002  0.163 -3.603  1.010 -3.345 
497  0.199 -0.002  0.165 -3.611  0.973 -4.375 
498  0.199 -0.001  0.167 -3.622  0.904 -5.474 
499  0.199 -0.001  0.169 -3.633  0.869 -5.435 
500  0.199  0.017  0.170 -3.644  0.894 -5.193 
501  0.199  0.042  0.172 -3.654  0.949 -4.881 
502  0.199  0.069  0.174 -3.663  1.002 -4.790 
503  0.199  0.094  0.176 -3.673  1.033 -4.972 
504  0.199  0.115  0.178 -3.683  1.072 -4.635 
505  0.199  0.133  0.181 -3.689  1.116 -3.114 
506  0.199  0.148  0.183 -3.691  1.130 -0.546 
507  0.199  0.160  0.185 -3.690  1.135  0.917 
508  0.199  0.170  0.187 -3.685  1.128  2.293 
509  0.199  0.177  0.190 -3.679  1.116  3.129 
510  0.199  0.182  0.192 -3.671  1.084  3.882 
511  0.199  0.187  0.194 -3.662  1.081  4.679 
512  0.199  0.190  0.196 -3.650  1.111  6.284 
513  0.199  0.192  0.199 -3.635  1.171  7.512 
514  0.199  0.194  0.201 -3.618  1.226  8.961 
515  0.199  0.196  0.204 -3.597  1.282  10.376 
516  0.199  0.197  0.206 -3.574  1.310  11.760 
517  0.199  0.197  0.209 -3.549  1.324  12.530 
518  0.199  0.198  0.211 -3.524  1.283  12.503 
519  0.199  0.198  0.214 -3.500  1.262  12.147 
520  0.181  0.172  0.216 -3.476  1.261  11.968 
521  0.156  0.134  0.219 -3.451  1.271  12.296 
522  0.130  0.095  0.222 -3.426  1.247  12.368 
523  0.105  0.058  0.224 -3.403  1.195  11.234 
524  0.084  0.025  0.226 -3.384  1.164  10.039 
525  0.065 -0.001  0.229 -3.365  1.151  9.179 
526  0.051 -0.023  0.231 -3.348  1.142  8.653 
527  0.039 -0.041  0.233 -3.331  1.111  8.261 
528  0.029 -0.055  0.235 -3.316  1.077  7.252 
529  0.022 -0.066  0.237 -3.303  1.037  6.379 
530  0.017 -0.074  0.239 -3.293  0.986  4.879 
531  0.012 -0.080  0.241 -3.285  0.923  3.464 
532  0.009 -0.085  0.243 -3.281  0.854  1.722 
533  0.007 -0.089  0.245 -3.280  0.778  0.189 
534  0.005 -0.092  0.246 -3.283  0.701 -1.612 
535  0.003 -0.094  0.247 -3.289  0.619 -3.180 
536  0.002 -0.095  0.248 -3.299  0.560 -4.872 
537  0.002 -0.096  0.249 -3.311  0.513 -5.749 
538  0.001 -0.097  0.250 -3.321  0.544 -5.124 
539  0.001 -0.098  0.252 -3.331  0.560 -4.619 
540  0.000 -0.089  0.253 -3.340  0.535 -4.773 
541  0.000 -0.077  0.254 -3.351  0.500 -5.405 
542  0.000 -0.064  0.255 -3.364  0.482 -6.619 
543  0.000 -0.052  0.255 -3.380  0.474 -7.424 
544  0.000 -0.041  0.256 -3.398  0.461 -8.345 
545  0.000 -0.032  0.257 -3.419  0.420 -9.673 
546  0.000 -0.025  0.258 -3.440  0.376 -10.202 
547  0.000 -0.019  0.259 -3.462  0.350 -10.964 
548  0.000 -0.014  0.259 -3.484  0.339 -10.715 
549  0.000 -0.011  0.260 -3.502  0.399 -8.804 
550  0.000 -0.008  0.261 -3.515  0.442 -6.775 
551  0.000 -0.006  0.262 -3.526  0.444 -5.403 
552  0.000 -0.004  0.263 -3.536  0.440 -5.017 
553  0.000 -0.003  0.264 -3.547  0.444 -5.175 
554  0.000 -0.002  0.264 -3.557  0.439 -5.317 
555  0.000 -0.001  0.265 -3.569  0.419 -5.706 
556  0.000 -0.001  0.266 -3.580  0.392 -5.741 
557  0.000 -0.001  0.267 -3.591  0.405 -5.110 
558  0.000 -0.000  0.268 -3.600  0.431 -4.303 
559  0.000 -0.000  0.269 -3.608  0.453 -4.268 
560 -0.017  0.017  0.270 -3.617  0.451 -4.227 
561 -0.043  0.042  0.270 -3.625  0.428 -4.145 
562 -0.069  0.069  0.271 -3.633  0.396 -3.904 
563 -0.094  0.094  0.272 -3.640  0.346 -3.456 
564 -0.115  0.115  0.273 -3.646  0.280 -2.667 
565 -0.134  0.134  0.273 -3.649  0.254 -1.546 
566 -0.148  0.148  0.274 -3.651  0.259 -0.657 
567 -0.160  0.160  0.274 -3.651  0.248  0.064 
568 -0.170  0.170  0.274 -3.648  0.220  0.624 
569 -0.177  0.177  0.275 -3.642  0.141  2.775 
570 -0.182  0.182  0.275 -3.630  0.016  5.864 
571 -0.187  0.187  0.275 -3.613 -0.084  8.399 
572 -0.190  0.190  0.274 -3.593 -0.154  10.185 
573 -0.192  0.192  0.274 -3.570 -0.197  11.286 
574 -0.194  0.194  0.273 -3.544 -0.276  13.252 
575 -0.196  0.196  0.273 -3.514 -0.366  15.442 
576 -0.197  0.197  0.272 -3.479 -0.468  17.976 
577 -0.197  0.197  0.271 -3.439 -0.561  19.929 
578 -0.198  0.198  0.269 -3.395 -0.656  21.935 
579 -0.198  0.198  0.268 -3.351 -0.697  22.354 
580 -0.172  0.172  0.267 -3.308 -0.653  20.808 
581 -0.134  0.134  0.266 -3.279 -0.590  19.526 
582 -0.095  0.095  0.265 -3.242 -0.537  18.653 
583 -0.058  0.058  0.263 -3.204 -0.551  18.764 
584 -0.025  0.025  0.262 -3.167 -0.555  18.830 
585  0.001 -0.001  0.261 -3.129 -0.568  19.149 
586  0.023 -0.023  0.260 -3.091 -0.558  18.818 
587  0.041 -0.041  0.259 -3.054 -0.531  18.369 
588  0.055 -0.055  0.258 -3.020 -0.482  17.150 
589  0.066 -0.066  0.257 -2.988 -0.425  15.780 
590  0.074 -0.074  0.257 -2.961 -0.321  13.225 
591  0.080 -0.080  0.256 -2.944 -0.149  8.683 
592  0.085 -0.085  0.256 -2.934  0.000  4.912 
593  0.089 -0.089  0.256 -2.931  0.115  1.918 
594  0.092 -0.092  0.257 -2.932  0.205 -0.825 
595  0.094 -0.094  0.257 -2.939  0.289 -3.154 
596  0.095 -0.095  0.258 -2.949  0.369 -5.076 
597  0.096 -0.096  0.259 -2.962  0.439 -7.009 
598  0.097 -0.097  0.260 -2.979  0.474 -7.982 
599  0.098 -0.098  0.261 -2.993  0.430 -6.909 
600  0.089 -0.107  0.262 -3.005  0.364 -5.668 
601  0.077 -0.120  0.262 -3.016  0.338 -5.523 
602  0.064 -0.134  0.263 -3.028  0.348 -6.173 
603  0.052 -0.146  0.264 -3.043  0.367 -7.068 
604  0.041 -0.157  0.264 -3.060  0.385 -7.887 
605  0.032 -0.166  0.265 -3.077  0.360 -8.020 
606  0.025 -0.174  0.266 -3.094  0.337 -8.166 
607  0.019 -0.180  0.266 -3.110  0.314 -8.164 
608  0.014 -0.184  0.267 -3.129  0.303 -9.171 
609  0.011 -0.188  0.267 -3.150  0.291 -10.521 
610  0.008 -0.191  0.268 -3.174  0.290 -12.362 
611  0.006 -0.193  0.269 -3.201  0.249 -13.233 
612  0.004 -0.195  0.269 -3.227  0.190 -12.914 
613  0.003 -0.196  0.269 -3.253  0.151 -12.766 
614  0.002 -0.197  0.270 -3.279  0.158 -13.140 
615  0.001 -0.198  0.270 -3.306  0.182 -13.929 
616  0.001 -0.198  0.270 -3.337  0.204 -15.592 
617  0.001 -0.198  0.271 -3.372  0.210 -17.436 
618  0.000 -0.199  0.271 -3.409  0.175 -18.603 
619  0.000 -0.199  0.271 -3.446  0.114 -18.288 
620 -0.017 -0.181  0.272 -3.480  0.109 -17.224 
621 -0.042 -0.156  0.272 -3.513  0.153 -16.409 
622 -0.069 -0.130  0.272 -3.545  0.185 -16.105 
623 -0.094 -0.105  0.273 -3.579  0.186 -16.758 
624 -0.115 -0.083  0.273 -3.613  0.129 -17.161 
625 -0.134 -0.065  0.273 -3.647  0.046 -17.128 
626 -0.148 -0.050  0.273 -3.681 -0.014 -16.679 
627 -0.160 -0.039  0.273 -3.713 -0.033 -16.160 
628 -0.170 -0.029  0.273 -3.744 -0.063 -15.197 
629 -0.177 -0.022  0.273 -3.772 -0.120 -14.160 
630 -0.182 -0.016  0.272 -3.798 -0.180 -13.018 
631 -0.187 -0.012  0.272 -3.821 -0.231 -11.822 
632 -0.190 -0.009  0.271 -3.843 -0.301 -10.973 
633 -0.192 -0.007  0.270 -3.863 -0.376 -10.577 
634 -0.194 -0.005  0.269 -3.884 -0.444 -10.486 
635 -0.196 -0.003  0.268 -3.904 -0.517 -10.173 
636 -0.197 -0.002  0.267 -3.923 -0.576 -9.393 
637 -0.197 -0.002  0.266 -3.938 -0.597 -7.351 
638 -0.198 -0.001  0.265 -3.949 -0.597 -5.222 
639 -0.198 -0.001  0.264 -3.958 -0.604 -4.458 
640 -0.190  0.008  0.262 -3.966 -0.623 -4.523 
641 -0.177  0.021  0.261 -3.976 -0.657 -4.666 
642 -0.164  0.034  0.260 -3.986 -0.703 -4.884 
643 -0.152  0.046  0.258 -3.995 -0.743 -4.603 
644 -0.141  0.057  0.257 -4.003 -0.771 -3.989 
645 -0.132  0.066  0.255 -4.010 -0.785 -3.292 
646 -0.125  0.074  0.254 -4.015 -0.812 -2.113 
647 -0.119  0.080  0.252 -4.017 -0.814 -0.705 
648 -0.114  0.085  0.250 -4.014 -0.792  1.510 
649 -0.111  0.088  0.249 -4.008 -0.721  3.218 
650 -0.108  0.091  0.247 -3.999 -0.676  4.401 
651 -0.106  0.093  0.246 -3.990 -0.605  4.495 
652 -0.104  0.095  0.245 -3.981 -0.554  4.662 
653 -0.103  0.096  0.244 -3.972 -0.535  4.694 
654 -0.102  0.097  0.243 -3.961 -0.553  5.281 
655 -0.101  0.098  0.242 -3.949 -0.573  6.270 
656 -0.101  0.098  0.241 -3.935 -0.575  6.712 
657 -0.101  0.098  0.240 -3.923 -0.520  5.743 
658 -0.100  0.099  0.239 -3.914 -0.480  4.892 
659 -0.100  0.099  0.238 -3.904 -0.475  4.940 
660 -0.082  0.090  0.237 -3.893 -0.497  5.644 
661 -0.057  0.078  0.236 -3.880 -0.527  6.747 
662 -0.030  0.064  0.235 -3.864 -0.558  7.886 
663 -0.005  0.052  0.233 -3.846 -0.586  9.047 
664  0.015  0.041  0.232 -3.827 -0.594  9.413 
665  0.034  0.032  0.231 -3.809 -0.569  8.931 
666  0.048  0.025  0.230 -3.795 -0.467  6.713 
667  0.060  0.019  0.229 -3.786 -0.361  4.238 
668  0.070  0.014  0.229 -3.781 -0.276  2.349 
669  0.077  0.011  0.228 -3.779 -0.203  1.269 
670  0.082  0.008  0.228 -3.779 -0.137  0.381 
671  0.087  0.006  0.228 -3.779 -0.086 -0.258 
672  0.090  0.004  0.228 -3.779 -0.077 -0.378 
673  0.092  0.003  0.228 -3.779 -0.086 -0.264 
674  0.094  0.002  0.227 -3.779 -0.087 -0.030 
675  0.096  0.001  0.227 -3.779 -0.078  0.012 
676  0.097  0.001  0.227 -3.778 -0.067 -0.083 
677  0.097  0.001  0.227 -3.777 -0.067  0.022 
678  0.098  0.000  0.227 -3.776 -0.068  0.136 
679  0.098  0.000  0.227 -3.776 -0.063  0.366 
680  0.099  0.009  0.227 -3.775 -0.056  0.625 
681  0.099  0.021  0.227 -3.775 -0.041  0.747 
682  0.099  0.035  0.227 -3.775 -0.014  0.636 
683  0.099  0.047  0.227 -3.775  0.010  0.435 
684  0.099  0.058  0.227 -3.774  0.035  0.335 
685  0.099  0.067  0.227 -3.774  0.055  0.410 
686  0.099  0.074  0.228 -3.773  0.078  0.542 
687  0.099  0.080  0.228 -3.771  0.095  0.728 
688  0.099  0.085  0.228 -3.769  0.122  1.127 
689  0.099  0.088  0.228 -3.767  0.150  1.572 
690  0.099  0.091  0.229 -3.763  0.174  1.897 
691  0.099  0.093  0.229 -3.758  0.191  2.406 
692  0.099  0.095  0.230 -3.752  0.216  2.976 
693  0.099  0.096  0.230 -3.745  0.246  3.518 
694  0.099  0.097  0.231 -3.738  0.274  3.858 
695  0.099  0.098  0.231 -3.729  0.290  4.316 
696  0.099  0.098  0.232 -3.720  0.295  4.601 
697  0.099  0.098  0.232 -3.710  0.307  4.952 
698  0.099  0.099  0.233 -3.700  0.322  5.268 
699  0.099  0.099  0.234 -3.688  0.346  5.819 
700  0.090  0.090  0.234 -3.676  0.341  5.952 
701  0.078  0.078  0.235 -3.665  0.328  5.691 
702  0.065  0.064  0.236 -3.653  0.326  5.412 
703  0.052  0.052  0.236 -3.642  0.330  5.407 
704  0.042  0.041  0.237 -3.631  0.338  5.452 
705  0.032  0.032  0.238 -3.620  0.332  5.455 
706  0.025  0.025  0.238 -3.612  0.322  5.560 
707  0.019  0.019  0.239 -3.600  0.315  5.690 
708  0.014  0.014  0.239 -3.588  0.308  5.703 
709  0.011  0.011  0.240 -3.576  0.298  5.715 
710  0.008  0.008  0.241 -3.565  0.292  5.706 
711  0.006  0.006  0.241 -3.553  0.287  5.722 
712  0.004  0.004  0.242 -3.542  0.273  5.577 
713  0.003  0.003  0.242 -3.531  0.257  5.341 
714  0.002  0.002  0.243 -3.520  0.250  5.272 
715  0.001  0.001  0.243 -3.510  0.239  5.105 
716  0.001  0.001  0.244 -3.500  0.229  4.954 
717  0.001  0.001  0.244 -3.490  0.221  4.823 
718  0.000  0.000  0.244 -3.480  0.216  4.756 
719  0.000  0.000  0.245 -3.470  0.214  4.747 
720 -0.008 -0.008  0.245 -3.460  0.214  4.753 
721 -0.021 -0.021  0.246 -3.450  0.203  4.634 
722 -0.034 -0.034  0.246 -3.440  0.189  4.577 
723 -0.047 -0.047  0.246 -3.431  0.171  4.470 
724 -0.057 -0.057  0.247 -3.422  0.150  4.207 
725 -0.066 -0.066  0.247 -3.415  0.128  3.691 
726 -0.074 -0.074  0.247 -3.409  0.099  3.051 
727 -0.080 -0.080  0.247 -3.404  0.070  2.508 
728 -0.085 -0.085  0.247 -3.402  0.024  1.729 
729 -0.088 -0.088  0.247 -3.400 -0.017  0.986 
730 -0.091 -0.091  0.247 -3.400 -0.059  0.240 
731 -0.093 -0.093  0.247 -3.402 -0.108 -0.869 
732 -0.095 -0.095  0.246 -3.406 -0.156 -2.029 
733 -0.096 -0.096  0.246 -3.412 -0.199 -2.992 
734 -0.097 -0.097  0.246 -3.419 -0.234 -3.689 
735 -0.098 -0.098  0.245 -3.428 -0.267 -4.248 
736 -0.098 -0.098  0.245 -3.438 -0.302 -4.963 
737 -0.098 -0.098  0.244 -3.450 -0.339 -6.033 
738 -0.099 -0.099  0.243 -3.464 -0.380 -7.195 
739 -0.099 -0.099  0.242 -3.479 -0.397 -7.473 
740 -0.072 -0.099  0.242 -3.493 -0.381 -6.919 
741 -0.034 -0.099  0.241 -3.506 -0.362 -6.507 
742  0.004 -0.099  0.240 -3.519 -0.358 -6.287 
743  0.041 -0.099  0.239 -3.533 -0.324 -6.664 
744  0.074 -0.099  0.239 -3.547 -0.239 -6.728 
745  0.101 -0.099  0.239 -3.560 -0.162 -6.290 
746  0.123 -0.099  0.239 -3.572 -0.088 -5.720 
747  0.141 -0.099  0.239 -3.581 -0.011 -5.456 
748  0.155 -0.099  0.239 -3.589  0.070 -4.573 
749  0.166 -0.099  0.239 -3.597  0.133 -4.292 
750  0.174 -0.099  0.239 -3.606  0.191 -4.547 
751  0.180 -0.099  0.240 -3.616  0.243 -5.167 
752  0.185 -0.099  0.240 -3.627  0.294 -5.735 
753  0.189 -0.099  0.241 -3.640  0.349 -6.400 
754  0.192 -0.099  0.242 -3.653  0.387 -6.697 
755  0.194 -0.099  0.243 -3.668  0.426 -7.357 
756  0.195 -0.099  0.244 -3.684  0.456 -8.032 
757  0.196 -0.099  0.245 -3.701  0.504 -8.955 
758  0.197 -0.099  0.246 -3.721  0.545 -9.541 
759  0.198 -0.099  0.247 -3.742  0.594 -10.670 
760  0.162 -0.072  0.248 -3.764  0.649 -11.410 
761  0.112 -0.035  0.249 -3.787  0.657 -11.096 
762  0.060  0.004  0.251 -3.807  0.604 -9.947 
763  0.010  0.041  0.252 -3.825  0.560 -8.751 
764 -0.032  0.073  0.253 -3.841  0.544 -7.702 
765 -0.068  0.101  0.254 -3.854  0.532 -6.311 
766 -0.098  0.123  0.255 -3.864  0.494 -4.710 
767 -0.121  0.141  0.256 -3.870  0.418 -2.773 
768 -0.140  0.155  0.257 -3.870  0.317 -0.220 
769 -0.154  0.166  0.257 -3.865  0.181  2.871 
770 -0.166  0.174  0.257 -3.854  0.037  6.176 
771 -0.174  0.180  0.257 -3.836 -0.109  9.034 
772 -0.181  0.185  0.256 -3.813 -0.265  11.920 
773 -0.185  0.189  0.255 -3.785 -0.399  14.378 
774 -0.189  0.192  0.254 -3.752 -0.534  17.046 
775 -0.192  0.194  0.253 -3.715 -0.631  19.020 
776 -0.194  0.195  0.252 -3.673 -0.738  21.135 
777 -0.195  0.196  0.250 -3.630 -0.811  22.445 
778 -0.196  0.197  0.248 -3.583 -0.889  23.599 
779 -0.197  0.198  0.246 -3.536 -0.936  24.099 
780 -0.198  0.180  0.244 -3.487 -0.962  24.237 
781 -0.198  0.155  0.243 -3.444 -0.846  21.015 
782 -0.199  0.129  0.241 -3.408 -0.732  17.937 
783 -0.199  0.105  0.240 -3.375 -0.684  16.447 
784 -0.199  0.083  0.238 -3.343 -0.699  16.239 
785 -0.199  0.065  0.237 -3.311 -0.755  16.161 
786 -0.199  0.050  0.235 -3.279 -0.836  16.141 
787 -0.199  0.039  0.233 -3.247 -0.926  16.158 
788 -0.199  0.029  0.231 -3.216 -0.997  15.539 
789 -0.199  0.022  0.229 -3.185 -1.081  15.226 
790 -0.199  0.016  0.227 -3.155 -1.096  15.462 
791 -0.199  0.012  0.225 -3.119 -1.100  17.028 
792 -0.199  0.009  0.223 -3.080 -1.069  17.877 
793 -0.199  0.007  0.221 -3.041 -1.083  18.558 
794 -0.199  0.005  0.219 -3.005 -1.058  16.549 
795 -0.199  0.003  0.217 -2.981 -0.948  11.159 
796 -0.199  0.002  0.215 -2.968 -0.765  6.086 
797 -0.199  0.002  0.214 -2.964 -0.665  2.371 
798 -0.199  0.001  0.213 -2.963 -0.652  0.223 
799 -0.199  0.001  0.212 -2.965 -0.703 -0.977 
800 -0.163  0.018  0.210 -2.969 -0.780 -1.817 
801 -0.113  0.043  0.208 -2.973 -0.872 -1.934 
802 -0.060  0.070  0.206 -2.977 -0.963 -1.938 
803 -0.011  0.094  0.204 -2.980 -1.027 -1.435 
804  0.031  0.116  0.202 -2.981 -1.033 -0.373 
805  0.068  0.134  0.200 -2.976 -0.958  2.920 
806  0.097  0.149  0.199 -2.960 -0.809  7.562 
807  0.121  0.160  0.197 -2.937 -0.640  11.560 
808  0.140  0.170  0.196 -2.908 -0.489  14.997 
809  0.154  0.177  0.196 -2.875 -0.266  16.202 
810  0.165  0.183  0.196 -2.845  0.005  15.422 
811  0.174  0.187  0.196 -2.816  0.255  14.964 
812  0.181  0.190  0.197 -2.786  0.444  15.383 
813  0.185  0.192  0.198 -2.756  0.504  14.521 
814  0.189  0.194  0.199 -2.731  0.480  12.543 
815  0.192  0.196  0.200 -2.708  0.503  11.883 
816  0.194  0.197  0.201 -2.683  0.573  12.653 
817  0.195  0.197  0.203 -2.654  0.649  14.341 
818  0.196  0.198  0.204 -2.621  0.732  16.653 
819  0.197  0.198  0.206 -2.582  0.800  19.567 
820  0.171  0.199  0.207 -2.538  0.855  21.934 
821  0.134  0.199  0.209 -2.491  0.902  23.649 
822  0.094  0.199  0.211 -2.442  0.909  23.986 
823  0.057  0.199  0.213 -2.398  0.820  21.710 
824  0.025  0.199  0.214 -2.358  0.737  19.763 
825 -0.001  0.199  0.215 -2.318  0.695  19.830 
826 -0.023  0.199  0.217 -2.278  0.659  20.358 
827 -0.041  0.199  0.218 -2.236  0.655  20.712 
828 -0.055  0.199  0.219 -2.194  0.645  21.254 
829 -0.066  0.199  0.221 -2.149  0.589  22.766 
830 -0.074  0.199  0.222 -2.100  0.522  24.481 
831 -0.080  0.199  0.223 -2.048  0.419  26.427 
832 -0.085  0.199  0.223 -2.007  0.347  27.654 
833 -0.089  0.199  0.224 -1.948  0.237  29.556 
834 -0.092  0.199  0.224 -1.886  0.154  31.097 
835 -0.094  0.199  0.224 -1.821  0.068  32.910 
836 -0.095  0.199  0.224 -1.753 -0.014  33.829 
837 -0.096  0.199  0.224 -1.683 -0.080  34.890 
838 -0.097  0.199  0.224 -1.615 -0.108  33.526 
839 -0.098  0.199  0.223 -1.555 -0.149  29.051 
840 -0.107  0.163  0.223 -1.506 -0.205  24.159 
841 -0.120  0.113  0.222 -1.463 -0.267  21.614 
842 -0.134  0.060  0.222 -1.421 -0.330  20.870 
843 -0.146  0.011  0.221 -1.380 -0.379  20.619 
844 -0.157 -0.031  0.220 -1.339 -0.454  20.690 
845 -0.166 -0.068  0.219 -1.299 -0.512  20.150 
846 -0.174 -0.097  0.218 -1.261 -0.596  19.170 
847 -0.180 -0.121  0.217 -1.227 -0.686  16.827 
848 -0.184 -0.140  0.215 -1.198 -0.781  14.142 
849 -0.188 -0.154  0.213 -1.177 -0.829  10.294 
850 -0.191 -0.165  0.212 -1.163 -0.792  6.646 
851 -0.193 -0.174  0.210 -1.155 -0.733  3.711 
852 -0.195 -0.181  0.209 -1.152 -0.731  1.284 
853 -0.196 -0.185  0.207 -1.154 -0.766 -1.545 
854 -0.197 -0.189  0.206 -1.162 -0.817 -4.442 
855 -0.198 -0.192  0.204 -1.177 -0.798 -7.313 
856 -0.198 -0.194  0.203 -1.196 -0.786 -9.816 
857 -0.198 -0.195  0.201 -1.219 -0.844 -11.588 
858 -0.199 -0.196  0.199 -1.245 -0.883 -13.011 
859 -0.199 -0.197  0.197 -1.271 -0.865 -13.181 
860 -0.163 -0.162  0.196 -1.296 -0.815 -12.469 
861 -0.113 -0.112  0.194 -1.321 -0.804 -12.399 
862 -0.060 -0.059  0.192 -1.347 -0.821 -13.054 
863 -0.011 -0.010  0.191 -1.374 -0.852 -13.633 
864  0.032  0.032  0.189 -1.402 -0.857 -13.757 
865  0.068  0.068  0.187 -1.429 -0.834 -13.586 
866  0.097  0.098  0.186 -1.455 -0.790 -12.692 
867  0.121  0.121  0.184 -1.477 -0.712 -10.699 
868  0.140  0.140  0.183 -1.491 -0.545 -6.526 
869  0.154  0.154  0.183 -1.494 -0.327 -1.284 
870  0.166  0.166  0.182 -1.489 -0.144  3.230 
871  0.174  0.174  0.182 -1.475  0.027  7.366 
872  0.181  0.181  0.183 -1.453  0.193  11.005 
873  0.185  0.185  0.183 -1.425  0.335  14.484 
874  0.189  0.189  0.184 -1.391  0.442  17.134 
875  0.192  0.192  0.185 -1.355  0.490  18.002 
876  0.194  0.194  0.186 -1.319  0.487  17.827 
877  0.195  0.195  0.187 -1.284  0.478  17.476 
878  0.196  0.196  0.188 -1.249  0.484  17.679 
879  0.197  0.197  0.189 -1.213  0.519  18.533 
880  0.171  0.162  0.190 -1.173  0.583  19.905 
881  0.134  0.112  0.191 -1.132  0.640  21.044 
882  0.094  0.059  0.193 -1.088  0.702  22.162 
883  0.057  0.010  0.194 -1.043  0.745  22.863 
884  0.025 -0.032  0.196 -0.996  0.771  23.016 
885 -0.001 -0.068  0.197 -0.951  0.779  22.879 
886 -0.023 -0.098  0.199 -0.907  0.758  21.865 
887 -0.041 -0.121  0.200 -0.866  0.713  20.288 
888 -0.055 -0.140  0.202 -0.830  0.645  18.185 
889 -0.066 -0.154  0.203 -0.799  0.570  15.318 
890 -0.074 -0.166  0.204 -0.775  0.474  11.921 
891 -0.080 -0.174  0.205 -0.758  0.375  8.527 
892 -0.085 -0.181  0.205 -0.749  0.290  5.274 
893 -0.089 -0.185  0.206 -0.748  0.168  0.870 
894 -0.092 -0.189  0.206 -0.755  0.051 -3.627 
895 -0.094 -0.192  0.206 -0.771 -0.048 -7.843 
896 -0.095 -0.194  0.205 -0.794 -0.146 -11.770 
897 -0.096 -0.195  0.205 -0.824 -0.235 -15.635 
898 -0.097 -0.196  0.204 -0.859 -0.347 -17.611 
899 -0.098 -0.197  0.203 -0.895 -0.493 -17.943 
900 -0.071 -0.198  0.202 -0.931 -0.614 -17.921 
901 -0.034 -0.198  0.201 -0.969 -0.704 -18.449 
902  0.005 -0.199  0.199 -1.010 -0.728 -20.189 
903  0.042 -0.199  0.198 -1.053 -0.710 -21.552 
904  0.074 -0.199  0.196 -1.096 -0.651 -20.634 
905  0.101 -0.199  0.195 -1.128 -0.480 -15.764 
906  0.123 -0.199  0.195 -1.149 -0.333 -10.751 
907  0.141 -0.199  0.194 -1.166 -0.221 -8.331 
908  0.155 -0.199  0.194 -1.182 -0.081 -8.375 
909  0.166 -0.199  0.194 -1.201  0.069 -9.645 
910  0.174 -0.199  0.195 -1.224  0.219 -11.871 
911  0.180 -0.199  0.195 -1.250  0.318 -13.426 
912  0.185 -0.199  0.196 -1.277  0.345 -13.285 
913  0.189 -0.199  0.197 -1.302  0.353 -12.618 
914  0.192 -0.199  0.198 -1.328  0.401 -13.208 
915  0.194 -0.199  0.198 -1.357  0.461 -14.576 
916  0.195 -0.199  0.199 -1.389  0.547 -16.583 
917  0.196 -0.199  0.201 -1.424  0.623 -17.954 
918  0.197 -0.199  0.202 -1.461  0.686 -18.423 
919  0.198 -0.199  0.203 -1.495  0.663 -16.974 
920  0.189 -0.199  0.205 -1.527  0.611 -15.104 
921  0.177 -0.199  0.206 -1.556  0.572 -14.237 
922  0.164 -0.199  0.207 -1.586  0.588 -14.886 
923  0.152 -0.199  0.208 -1.619  0.634 -16.252 
924  0.141 -0.199  0.210 -1.654  0.696 -17.968 
925  0.132 -0.199  0.211 -1.693  0.761 -19.704 
926  0.125 -0.199  0.213 -1.735  0.823 -21.337 
927  0.119 -0.199  0.214 -1.779  0.868 -22.485 
928  0.114 -0.199  0.216 -1.821  0.790 -20.525 
929  0.111 -0.199  0.217 -1.858  0.664 -18.028 
930  0.108 -0.199  0.219 -1.891  0.576 -17.006 
931  0.106 -0.199  0.220 -1.927  0.547 -17.839 
932  0.104 -0.199  0.221 -1.964  0.547 -18.875 
933  0.103 -0.199  0.222 -2.004  0.603 -19.966 
934  0.102 -0.199  0.223 -2.044  0.658 -20.404 
935  0.101 -0.199  0.225 -2.087  0.720 -21.679 
936  0.101 -0.199  0.226 -2.133  0.741 -22.897 
937  0.101 -0.199  0.228 -2.182  0.758 -24.630 
938  0.100 -0.199  0.229 -2.233  0.734 -25.443 
939  0.100 -0.199  0.231 -2.283  0.664 -25.071 
940  0.091 -0.190  0.232 -2.330  0.583 -23.332 
941  0.078 -0.178  0.233 -2.373  0.565 -21.308 
942  0.065 -0.165  0.234 -2.412  0.557 -19.663 
943  0.052 -0.152  0.235 -2.448  0.534 -17.986 
944  0.042 -0.142  0.236 -2.482  0.505 -17.320 
945  0.033 -0.132  0.237 -2.516  0.465 -17.360 
946  0.025 -0.125  0.238 -2.553  0.441 -18.350 
947  0.019 -0.119  0.239 -2.590  0.411 -19.144 
948  0.014 -0.114  0.240 -2.631  0.394 -20.428 
949  0.011 -0.111  0.240 -2.672  0.377 -20.631 
950  0.008 -0.108  0.241 -2.712  0.398 -19.851 
951  0.006 -0.106  0.242 -2.748  0.401 -17.927 
952  0.004 -0.104  0.243 -2.781  0.384 -16.760 
953  0.003 -0.103  0.244 -2.814  0.359 -16.140 
954  0.002 -0.102  0.244 -2.845  0.341 -15.929 
955  0.001 -0.101  0.245 -2.878  0.314 -16.063 
956  0.001 -0.101  0.245 -2.911  0.299 -16.695 
957  0.001 -0.101  0.246 -2.936  0.301 -16.981 
958  0.000 -0.100  0.247 -2.969  0.307 -16.516 
959  0.000 -0.100  0.247 -3.002  0.323 -16.379 
960 -0.008 -0.109  0.248 -3.035  0.319 -16.365 
961 -0.021 -0.121  0.248 -3.068  0.309 -16.615 
962 -0.034 -0.135  0.249 -3.101  0.260 -16.428 
963 -0.047 -0.147  0.249 -3.134  0.250 -16.659 
964 -0.057 -0.158  0.250 -3.167  0.249 -16.372 
965 -0.066 -0.167  0.250 -3.199  0.253 -16.344 
966 -0.074 -0.174  0.251 -3.233  0.219 -16.670 
967 -0.080 -0.180  0.251 -3.268  0.187 -17.619 
968 -0.085 -0.185  0.252 -3.305  0.139 -18.671 
969 -0.088 -0.188  0.252 -3.344  0.093 -19.932 
970 -0.091 -0.191  0.252 -3.386  0.033 -21.103 
971 -0.093 -0.193  0.252 -3.431 -0.020 -22.488 
972 -0.095 -0.195  0.252 -3.478 -0.072 -23.714 
973 -0.096 -0.196  0.252 -3.527 -0.091 -24.286 
974 -0.097 -0.197  0.251 -3.574 -0.057 -23.830 
975 -0.098 -0.198  0.251 -3.621 -0.029 -23.185 
976 -0.098 -0.198  0.251 -3.667 -0.032 -23.307 
977 -0.098 -0.198  0.251 -3.715 -0.065 -23.929 
978 -0.099 -0.199  0.251 -3.765 -0.096 -25.159 
979 -0.099 -0.199  0.251 -3.817 -0.150 -26.261 
980 -0.081 -0.181  0.250 -3.872 -0.182 -27.484 
981 -0.056 -0.156  0.250 -3.928 -0.222 -28.528 
982 -0.030 -0.130  0.249 -3.987 -0.240 -29.535 
983 -0.005 -0.105  0.249 -4.046 -0.227 -28.904 
984  0.016 -0.083  0.249 -4.100 -0.151 -26.506 
985  0.034 -0.065  0.248 -4.148 -0.082 -24.055 
986  0.049 -0.050  0.248 -4.194 -0.027 -22.555 
987  0.060 -0.039  0.248 -4.236  0.009 -21.313 
988  0.070 -0.029  0.248 -4.278  0.052 -20.563 
989  0.077 -0.022  0.249 -4.318  0.089 -19.710 
990  0.083 -0.016  0.249 -4.355  0.126 -18.690 
991  0.087 -0.012  0.249 -4.390  0.163 -17.216 
992  0.090 -0.009  0.250 -4.423  0.187 -16.622 
993  0.092 -0.007  0.250 -4.456  0.201 -16.475 
994  0.094 -0.005  0.250 -4.488  0.216 -15.656 
995  0.096 -0.003  0.251 -4.517  0.256 -14.853 
996  0.097 -0.002  0.252 -4.544  0.298 -13.763 
997  0.097 -0.002  0.252 -4.569  0.344 -13.008 
998  0.098 -0.001  0.253 -4.592  0.385 -11.785 
999  0.098 -0.001  0.254 -4.614  0.415 -11.266 
1000  0.090  0.017  0.255 -4.638  0.389 -11.582 
1001  0.077  0.042  0.255 -4.662  0.379 -12.159 
1002  0.064  0.069  0.256 -4.686  0.368 -12.163 
1003  0.052  0.094  0.257 -4.709  0.358 -12.066 
1004  0.041  0.115  0.258 -4.730  0.356 -11.022 
1005  0.032  0.133  0.259 -4.749  0.356 -9.794 
1006  0.025  0.148  0.259 -4.766  0.349 -8.780 
1007  0.019  0.160  0.260 -4.782  0.346 -7.865 
1008  0.014  0.170  0.261 -4.796  0.368 -6.932 
1009  0.011  0.177  0.261 -4.807  0.384 -5.751 
1010  0.008  0.182  0.262 -4.816  0.389 -4.327 
1011  0.006  0.187  0.263 -4.822  0.372 -2.737 
1012  0.004  0.190  0.264 -4.825  0.357 -1.068 
1013  0.003  0.192  0.264 -4.824  0.354  0.748 
1014  0.002  0.194  0.265 -4.819  0.364  2.604 
1015  0.001  0.196  0.266 -4.810  0.379  4.506 
1016  0.001  0.197  0.267 -4.797  0.390  6.127 
1017  0.001  0.197  0.267 -4.781  0.396  7.694 
1018  0.000  0.198  0.268 -4.763  0.399  8.813 
1019  0.000  0.198  0.269 -4.746  0.403  9.069 
1020 -0.017  0.163  0.270 -4.728  0.417  9.019 
1021 -0.042  0.113  0.271 -4.708  0.438  9.548 
1022 -0.069  0.060  0.272 -4.687  0.426  10.609 
1023 -0.094  0.010  0.272 -4.664  0.374  10.811 
1024 -0.115 -0.032  0.273 -4.645  0.294  9.463 
1025 -0.134 -0.068  0.273 -4.630  0.210  7.605 
1026 -0.148 -0.098  0.274 -4.621  0.149  5.810 
1027 -0.160 -0.121  0.274 -4.618  0.085  2.299 
1028 -0.170 -0.140  0.274 -4.622  0.003 -1.443 
1029 -0.177 -0.154  0.274 -4.632 -0.109 -5.103 
1030 -0.182 -0.166  0.273 -4.649 -0.221 -8.364 
1031 -0.187 -0.174  0.273 -4.672 -0.324 -11.516 
1032 -0.190 -0.181  0.272 -4.700 -0.435 -14.343 
1033 -0.192 -0.185  0.271 -4.732 -0.513 -16.261 
1034 -0.194 -0.189  0.270 -4.766 -0.522 -16.869 
1035 -0.196 -0.192  0.269 -4.799 -0.517 -16.786 
1036 -0.197 -0.194  0.267 -4.833 -0.540 -16.988 
1037 -0.197 -0.195  0.266 -4.868 -0.591 -17.944 
1038 -0.198 -0.196  0.265 -4.906 -0.652 -19.274 
1039 -0.198 -0.197  0.264 -4.947 -0.689 -20.463 
1040 -0.181 -0.162  0.262 -4.990 -0.728 -21.656 
1041 -0.156 -0.112  0.261 -5.035 -0.776 -22.632 
1042 -0.129 -0.059  0.259 -5.080 -0.813 -23.188 
1043 -0.105 -0.010  0.257 -5.127 -0.827 -23.300 
1044 -0.083  0.032  0.256 -5.173 -0.825 -22.991 
1045 -0.065  0.068  0.254 -5.216 -0.781 -21.611 
1046 -0.050  0.098  0.253 -5.253 -0.640 -17.657 
1047 -0.039  0.121  0.252 -5.280 -0.473 -13.156 
1048 -0.029  0.140  0.251 -5.299 -0.343 -9.642 
1049 -0.022  0.154  0.250 -5.312 -0.259 -6.559 
1050 -0.016  0.166  0.250 -5.318 -0.226 -3.442 
1051 -0.012  0.174  0.250 -5.318 -0.177 -0.179 
1052 -0.009  0.181  0.249 -5.313 -0.112  2.685 
1053 -0.007  0.185  0.249 -5.303 -0.030  4.799 
1054 -0.005  0.189  0.249 -5.290  0.043  6.813 
1055 -0.003  0.192  0.250 -5.273  0.087  8.495 
1056 -0.002  0.194  0.250 -5.254  0.074  9.229 
1057 -0.002  0.195  0.250 -5.237  0.041  8.541 
1058 -0.001  0.196  0.250 -5.220  0.036  8.241 
1059 -0.001  0.197  0.250 -5.203  0.058  9.020 
1060 -0.000  0.162  0.250 -5.182  0.074  10.627 
1061 -0.000  0.112  0.250 -5.158  0.083  12.161 
1062 -0.000  0.059  0.250 -5.131  0.062  13.156 
1063 -0.000  0.010  0.251 -5.104  0.061  13.386 
1064 -0.000 -0.032  0.251 -5.079  0.069  12.502 
1065 -0.000 -0.068  0.251 -5.056  0.075  11.162 
1066 -0.000 -0.098  0.251 -5.037  0.056  9.629 
1067 -0.000 -0.121  0.251 -5.021  0.032  7.906 
1068 -0.000 -0.140  0.251 -5.009  0.011  6.089 
1069 -0.000 -0.154  0.251 -5.000  0.000  4.693 
1070 -0.000 -0.166  0.251 -4.995 -0.009  3.387 
1071 -0.000 -0.174  0.251 -4.992 -0.036  1.939 
1072 -0.000 -0.181  0.251 -4.990 -0.071  0.773 
1073 -0.000 -0.185  0.251 -4.991 -0.107 -0.144 
1074 -0.000 -0.189  0.250 -4.993 -0.136 -0.863 
1075 -0.000 -0.192  0.250 -4.996 -0.159 -1.721 
1076 -0.000 -0.194  0.250 -5.002 -0.185 -2.787 
1077 -0.000 -0.195  0.249 -5.010 -0.208 -3.639 
1078 -0.000 -0.196  0.249 -5.020 -0.221 -4.468 
1079 -0.000 -0.197  0.248 -5.031 -0.226 -5.154 
1080  0.008 -0.189  0.248 -5.043 -0.233 -5.857 
1081  0.021 -0.177  0.247 -5.057 -0.248 -6.729 
1082  0.034 -0.164  0.247 -5.068 -0.255 -7.248 
1083  0.047 -0.152  0.247 -5.084 -0.254 -7.861 
1084  0.057 -0.141  0.246 -5.100 -0.219 -7.939 
1085  0.067 -0.132  0.246 -5.115 -0.164 -7.347 
1086  0.074 -0.125  0.246 -5.129 -0.109 -6.782 
1087  0.080 -0.119  0.245 -5.142 -0.063 -6.543 
1088  0.085 -0.114  0.245 -5.155 -0.026 -6.597 
1089  0.088 -0.111  0.245 -5.168  0.005 -6.753 
1090  0.091 -0.108  0.245 -5.183  0.041 -7.213 
1091  0.093 -0.106  0.246 -5.198  0.067 -7.530 
1092  0.095 -0.104  0.246 -5.213  0.087 -7.825 
1093  0.096 -0.103  0.246 -5.230  0.101 -8.111 
1094  0.097 -0.102  0.246 -5.246  0.110 -8.174 
1095  0.098 -0.101  0.246 -5.262  0.118 -7.980 
1096  0.098 -0.101  0.247 -5.278  0.134 -8.315 
1097  0.098 -0.101  0.247 -5.295  0.146 -8.647 
1098  0.099 -0.100  0.247 -5.314  0.170 -9.196 
1099  0.099 -0.100  0.248 -5.332  0.181 -9.511 
1100  0.072 -0.082  0.248 -5.351  0.207 -9.567 
1101  0.034 -0.057  0.249 -5.370  0.212 -9.457 
1102 -0.004 -0.030  0.249 -5.389  0.206 -9.414 
1103 -0.041 -0.005  0.249 -5.407  0.196 -9.180 
1104 -0.074  0.015  0.250 -5.424  0.186 -8.867 
1105 -0.101  0.034  0.250 -5.442  0.176 -8.796 
1106 -0.123  0.048  0.250 -5.459  0.148 -8.363 
1107 -0.141  0.060  0.251 -5.474  0.107 -7.612 
1108 -0.155  0.070  0.251 -5.487  0.055 -6.733 
1109 -0.166  0.077  0.251 -5.499  0.002 -5.774 
1110 -0.174  0.082  0.251 -5.507 -0.067 -4.528 
1111 -0.180  0.087  0.250 -5.513 -0.135 -2.901 
1112 -0.185  0.090  0.250 -5.516 -0.199 -1.401 
1113 -0.189  0.092  0.249 -5.515 -0.272  0.326 
1114 -0.192  0.094  0.249 -5.512 -0.348  1.741 
1115 -0.194  0.096  0.248 -5.506 -0.439  3.213 
1116 -0.195  0.097  0.247 -5.497 -0.467  4.422 
1117 -0.196  0.097  0.246 -5.487 -0.459  5.220 
1118 -0.197  0.098  0.245 -5.476 -0.438  5.250 
1119 -0.198  0.098  0.244 -5.465 -0.437  5.370 
1120 -0.198  0.099  0.243 -5.454 -0.477  5.986 
1121 -0.199  0.099  0.242 -5.441 -0.534  6.745 
1122 -0.199  0.099  0.241 -5.425 -0.629  8.025 
1123 -0.199  0.099  0.240 -5.407 -0.716  8.878 
1124 -0.199  0.099  0.238 -5.387 -0.812  10.321 
1125 -0.199  0.099  0.236 -5.364 -0.866  11.609 
1126 -0.199  0.099  0.234 -5.338 -0.910  13.375 
1127 -0.199  0.099  0.233 -5.310 -0.909  14.157 
1128 -0.199  0.099  0.231 -5.282 -0.876  13.703 
1129 -0.199  0.099  0.229 -5.258 -0.814  12.092 
1130 -0.199  0.099  0.228 -5.235 -0.758  11.093 
1131 -0.199  0.099  0.226 -5.214 -0.737  10.848 
1132 -0.199  0.099  0.225 -5.191 -0.770  11.631 
1133 -0.199  0.099  0.223 -5.165 -0.823  12.655 
1134 -0.199  0.099  0.221 -5.139 -0.899  13.523 
1135 -0.199  0.099  0.219 -5.109 -0.965  14.564 
1136 -0.199  0.099  0.217 -5.079 -1.009  15.375 
1137 -0.199  0.099  0.215 -5.048 -0.996  15.245 
1138 -0.199  0.099  0.214 -5.020 -0.915  14.065 
1139 -0.199  0.099  0.212 -4.993 -0.884  13.474 
1140 -0.190  0.108  0.210 -4.967 -0.887  13.179 
1141 -0.178  0.121  0.208 -4.940 -0.926  13.698 
1142 -0.165  0.134  0.206 -4.912 -0.956  14.066 
1143 -0.152  0.147  0.204 -4.883 -0.977  14.428 
1144 -0.142  0.157  0.202 -4.856 -0.927  13.377 
1145 -0.132  0.167  0.201 -4.830 -0.880  12.973 
1146 -0.125  0.174  0.199 -4.804 -0.856  12.939 
1147 -0.119  0.180  0.197 -4.777 -0.877  13.722 
1148 -0.114  0.185  0.195 -4.747 -0.888  14.852 
1149 -0.111  0.188  0.194 -4.715 -0.895  16.335 
1150 -0.108  0.191  0.192 -4.679 -0.889  17.541 
1151 -0.106  0.193  0.190 -4.644 -0.836  17.059 
1152 -0.104  0.195  0.189 -4.614 -0.757  14.823 
1153 -0.103  0.196  0.187 -4.588 -0.693  12.854 
1154 -0.102  0.197  0.186 -4.563 -0.671  12.279 
1155 -0.101  0.198  0.185 -4.538 -0.667  12.619 
1156 -0.101  0.198  0.183 -4.510 -0.695  14.013 
1157 -0.101  0.198  0.182 -4.478 -0.698  15.607 
1158 -0.100  0.199  0.180 -4.443 -0.727  17.776 
1159 -0.100  0.199  0.179 -4.404 -0.751  19.220 
1160 -0.073  0.181  0.177 -4.364 -0.768  20.204 
1161 -0.035  0.156  0.176 -4.328 -0.695  18.436 
1162  0.004  0.130  0.175 -4.296 -0.632  16.248 
1163  0.041  0.105  0.173 -4.267 -0.588  14.625 
1164  0.073  0.083  0.172 -4.238 -0.565  14.266 
1165  0.101  0.065  0.171 -4.209 -0.519  14.316 
1166  0.123  0.050  0.170 -4.180 -0.467  14.392 
1167  0.141  0.039  0.169 -4.152 -0.386  13.727 
1168  0.155  0.029  0.169 -4.127 -0.306  12.650 
1169  0.166  0.022  0.168 -4.103 -0.263  11.798 
1170  0.174  0.016  0.168 -4.081 -0.231  10.856 
1171  0.180  0.012  0.168 -4.061 -0.160  9.780 
1172  0.185  0.009  0.167 -4.043 -0.057  8.815 
1173  0.189  0.007  0.168 -4.027  0.057  8.334 
1174  0.192  0.005  0.168 -4.013  0.133  7.591 
1175  0.194  0.003  0.168 -3.997  0.141  7.768 
1176  0.195  0.002  0.168 -3.981  0.135  7.991 
1177  0.196  0.002  0.169 -3.966  0.151  7.967 
1178  0.197  0.001  0.169 -3.950  0.195  8.167 
1179  0.198  0.001  0.170 -3.934  0.237  8.494 
1180  0.171 -0.008  0.170 -3.917  0.262  8.770 
1181  0.134 -0.021  0.171 -3.899  0.265  8.937 
1182  0.094 -0.034  0.171 -3.881  0.260  8.915 
1183  0.057 -0.046  0.172 -3.864  0.259  8.637 
1184  0.025 -0.057  0.172 -3.848  0.262  8.511 
1185 -0.001 -0.066  0.173 -3.834  0.253  7.913 
1186 -0.023 -0.074  0.173 -3.820  0.255  7.350 
1187 -0.041 -0.080  0.174 -3.806  0.254  6.883 
1188 -0.055 -0.085  0.174 -3.793  0.240  6.337 
1189 -0.066 -0.088  0.175 -3.781  0.210  5.591 
1190 -0.074 -0.091  0.175 -3.772  0.167  4.639 
1191 -0.080 -0.093  0.175 -3.765  0.125  3.675 
1192 -0.085 -0.095  0.175 -3.761  0.062  2.173 
1193 -0.089 -0.096  0.175 -3.761  0.000  0.650 
1194 -0.092 -0.097  0.175 -3.763 -0.048 -0.583 
1195 -0.094 -0.098  0.175 -3.767 -0.090 -1.776 
1196 -0.095 -0.098  0.175 -3.773 -0.138 -3.094 
1197 -0.096 -0.098  0.175 -3.782 -0.190 -4.457 
1198 -0.097 -0.099  0.174 -3.794 -0.248 -5.971 
1199 -0.098 -0.099  0.174 -3.808 -0.302 -7.394 
1200 -0.089 -0.108  0.173 -3.826 -0.355 -8.816 
1201 -0.077 -0.121  0.172 -3.846 -0.409 -10.248 
1202 -0.064 -0.134  0.171 -3.869 -0.452 -11.376 
1203 -0.052 -0.147  0.170 -3.894 -0.482 -12.394 
1204 -0.041 -0.157  0.169 -3.922 -0.492 -13.856 
1205 -0.032 -0.166  0.168 -3.952 -0.509 -15.135 
1206 -0.025 -0.174  0.167 -3.982 -0.527 -16.140 
1207 -0.019 -0.180  0.166 -4.006 -0.544 -16.836 
1208 -0.014 -0.185  0.165 -4.037 -0.544 -16.407 
1209 -0.011 -0.188  0.164 -4.067 -0.495 -15.054 
1210 -0.008 -0.191  0.163 -4.094 -0.438 -13.743 
1211 -0.006 -0.193  0.162 -4.121 -0.417 -13.397 
1212 -0.004 -0.195  0.161 -4.148 -0.416 -13.949 
1213 -0.003 -0.196  0.161 -4.178 -0.394 -14.880 
1214 -0.002 -0.197  0.160 -4.209 -0.366 -15.563 
1215 -0.001 -0.198  0.159 -4.240 -0.341 -15.876 
1216 -0.001 -0.198  0.158 -4.272 -0.328 -15.652 
1217 -0.001 -0.198  0.158 -4.303 -0.326 -15.768 
1218 -0.000 -0.199  0.157 -4.335 -0.327 -16.238 
1219 -0.000 -0.199  0.157 -4.368 -0.320 -16.752 
1220 -0.000 -0.190  0.156 -4.402 -0.294 -16.852 
1221 -0.000 -0.178  0.155 -4.436 -0.237 -16.606 
1222 -0.000 -0.164  0.155 -4.468 -0.223 -15.965 
1223 -0.000 -0.152  0.155 -4.500 -0.229 -15.999 
1224 -0.000 -0.141  0.154 -4.532 -0.238 -16.484 
1225 -0.000 -0.132  0.154 -4.566 -0.235 -16.862 
1226 -0.000 -0.125  0.153 -4.599 -0.201 -16.314 
1227 -0.000 -0.119  0.153 -4.630 -0.171 -15.236 
1228 -0.000 -0.114  0.153 -4.659 -0.144 -14.629 
1229 -0.000 -0.111  0.152 -4.688 -0.128 -14.769 
1230 -0.000 -0.108  0.152 -4.718 -0.128 -14.895 
1231 -0.000 -0.106  0.152 -4.748 -0.117 -14.855 
1232 -0.000 -0.104  0.152 -4.778 -0.100 -14.754 
1233 -0.000 -0.103  0.151 -4.805 -0.067 -13.763 
1234 -0.000 -0.102  0.151 -4.831 -0.016 -12.849 
1235 -0.000 -0.101  0.151 -4.855  0.011 -11.770 
1236 -0.000 -0.101  0.152 -4.878  0.041 -11.464 
1237 -0.000 -0.101  0.152 -4.901  0.054 -11.529 
1238 -0.000 -0.100  0.152 -4.925  0.063 -11.886 
1239 -0.000 -0.100  0.152 -4.948  0.068 -11.656 
1240  0.017 -0.073  0.152 -4.971  0.074 -11.246 
1241  0.043 -0.035  0.152 -4.993  0.074 -11.272 
1242  0.069  0.004  0.152 -5.016  0.068 -11.290 
1243  0.094  0.041  0.152 -5.038  0.076 -11.095 
1244  0.115  0.073  0.153 -5.060  0.106 -10.781 
1245  0.134  0.101  0.153 -5.080  0.154 -10.763 
1246  0.148  0.123  0.154 -5.098  0.211 -9.936 
1247  0.160  0.141  0.154 -5.115  0.257 -8.983 
1248  0.170  0.155  0.155 -5.130  0.310 -7.968 
1249  0.177  0.166  0.155 -5.143  0.373 -6.162 
1250  0.182  0.174  0.156 -5.151  0.455 -4.108 
1251  0.187  0.180  0.157 -5.155  0.540 -1.882 
1252  0.190  0.185  0.159 -5.155  0.633  0.365 
1253  0.192  0.189  0.160 -5.151  0.688  2.045 
1254  0.194  0.192  0.161 -5.145  0.720  3.127 
1255  0.196  0.194  0.163 -5.137  0.753  4.106 
1256  0.197  0.195  0.165 -5.126  0.805  5.641 
1257  0.197  0.196  0.166 -5.111  0.876  7.362 
1258  0.198  0.197  0.168 -5.093  0.956  9.704 
1259  0.198  0.198  0.170 -5.070  1.017  11.754 
1260  0.190  0.198  0.172 -5.043  1.058  13.256 
1261  0.177  0.199  0.174 -5.016  1.070  13.698 
1262  0.164  0.199  0.177 -4.990  1.032  12.911 
1263  0.152  0.199  0.179 -4.965  0.991  12.091 
1264  0.141  0.199  0.181 -4.941  0.981  12.490 
1265  0.132  0.199  0.182 -4.915  0.988  13.226 
1266  0.125  0.199  0.184 -4.886  0.999  14.319 
1267  0.119  0.199  0.187 -4.855  1.008  15.799 
1268  0.114  0.199  0.189 -4.820  1.017  17.474 
1269  0.111  0.199  0.191 -4.783  1.035  18.918 
1270  0.108  0.199  0.193 -4.746  0.991  18.095 
1271  0.106  0.199  0.194 -4.714  0.898  15.856 
1272  0.104  0.199  0.196 -4.685  0.836  14.400 
1273  0.103  0.199  0.198 -4.657  0.822  14.263 
1274  0.102  0.199  0.199 -4.627  0.836  15.151 
1275  0.101  0.199  0.201 -4.593  0.860  16.910 
1276  0.101  0.199  0.203 -4.556  0.870  18.475 
1277  0.101  0.199  0.205 -4.515  0.878  20.308 
1278  0.100  0.199  0.206 -4.471  0.879  21.998 
1279  0.100  0.199  0.208 -4.423  0.881  23.643 
1280  0.082  0.172  0.210 -4.373  0.870  24.917 
1281  0.057  0.135  0.212 -4.320  0.872  26.616 
1282  0.030  0.095  0.213 -4.264  0.841  28.042 
1283  0.005  0.058  0.215 -4.208  0.780  28.011 
1284 -0.015  0.026  0.216 -4.155  0.684  25.803 
1285 -0.034 -0.001  0.217 -4.110  0.611  22.718 
1286 -0.048 -0.023  0.219 -4.073  0.589  18.967 
1287 -0.060 -0.041  0.220 -4.041  0.551  15.714 
1288 -0.070 -0.055  0.221 -4.015  0.493  12.881 
1289 -0.077 -0.066  0.222 -3.993  0.407  9.953 
1290 -0.082 -0.074  0.222 -3.976  0.306  8.013 
1291 -0.087 -0.080  0.223 -3.962  0.214  6.506 
1292 -0.090 -0.085  0.223 -3.952  0.146  5.107 
1293 -0.092 -0.089  0.223 -3.947  0.062  3.130 
1294 -0.094 -0.092  0.223 -3.946 -0.017  1.204 
1295 -0.096 -0.094  0.223 -3.948 -0.062  0.116 
1296 -0.097 -0.095  0.223 -3.951 -0.092 -0.607 
1297 -0.097 -0.096  0.223 -3.956 -0.123 -1.873 
1298 -0.098 -0.097  0.222 -3.964 -0.163 -3.488 
1299 -0.098 -0.098  0.222 -3.974 -0.202 -4.986 
1300 -0.090 -0.089  0.221 -3.986 -0.243 -6.390 
1301 -0.077 -0.077  0.221 -4.000 -0.272 -7.329 
1302 -0.064 -0.064  0.220 -4.015 -0.279 -7.654 
1303 -0.052 -0.052  0.220 -4.030 -0.228 -7.227 
1304 -0.041 -0.041  0.219 -4.044 -0.170 -6.990 
1305 -0.032 -0.032  0.219 -4.058 -0.122 -6.964 
1306 -0.025 -0.025  0.219 -4.072 -0.081 -6.789 
1307 -0.019 -0.019  0.219 -4.084 -0.045 -6.453 
1308 -0.014 -0.014  0.219 -4.096 -0.015 -5.583 
1309 -0.011 -0.011  0.219 -4.105  0.006 -4.835 
1310 -0.008 -0.008  0.219 -4.113  0.035 -4.260 
1311 -0.006 -0.006  0.219 -4.119  0.062 -3.445 
1312 -0.004 -0.004  0.219 -4.123  0.100 -2.548 
1313 -0.003 -0.003  0.220 -4.126  0.131 -1.732 
1314 -0.002 -0.002  0.220 -4.128  0.149 -0.859 
1315 -0.001 -0.001  0.220 -4.128  0.161 -0.542 
1316 -0.001 -0.001  0.221 -4.129  0.166 -0.357 
1317 -0.001 -0.001  0.221 -4.128  0.161  0.034 
1318 -0.000 -0.000  0.221 -4.128  0.160 -0.121 
1319 -0.000 -0.000  0.221 -4.129  0.150 -0.198 
1320 -0.018 -0.000  0.222 -4.128  0.147  0.154 
1321 -0.043 -0.000  0.222 -4.128  0.138  0.271 
1322 -0.069 -0.000  0.222 -4.128  0.129  0.067 
1323 -0.094 -0.000  0.223 -4.128  0.119 -0.234 
1324 -0.116 -0.000  0.223 -4.128  0.104 -0.182 
1325 -0.134 -0.000  0.223 -4.128  0.090  0.026 
1326 -0.148 -0.000  0.223 -4.127  0.079  0.259 
1327 -0.160 -0.000  0.223 -4.127  0.044  0.432 
1328 -0.170 -0.000  0.223 -4.127 -0.023  0.151 
1329 -0.177 -0.000  0.223 -4.128 -0.099 -0.237 
1330 -0.183 -0.000  0.222 -4.129 -0.174 -0.458 
1331 -0.187 -0.000  0.222 -4.131 -0.234 -0.481 
1332 -0.190 -0.000  0.221 -4.132 -0.295 -0.475 
1333 -0.192 -0.000  0.221 -4.132 -0.347 -0.412 
1334 -0.194 -0.000  0.220 -4.134 -0.413 -0.664 
1335 -0.196 -0.000  0.219 -4.135 -0.508 -0.816 
1336 -0.197 -0.000  0.218 -4.138 -0.596 -1.164 
1337 -0.197 -0.000  0.216 -4.140 -0.673 -1.184 
1338 -0.198 -0.000  0.215 -4.143 -0.723 -1.416 
1339 -0.198 -0.000  0.214 -4.146 -0.674 -1.820 
1340 -0.190  0.017  0.212 -4.151 -0.604 -2.638 
1341 -0.177  0.043  0.211 -4.157 -0.558 -2.845 
1342 -0.164  0.069  0.210 -4.162 -0.538 -2.365 
1343 -0.152  0.094  0.209 -4.165 -0.537 -1.071 
1344 -0.141  0.115  0.208 -4.164 -0.572  0.403 
1345 -0.132  0.134  0.207 -4.161 -0.611  1.710 
1346 -0.125  0.148  0.205 -4.155 -0.660  3.145 
1347 -0.119  0.160  0.204 -4.147 -0.683  4.568 
1348 -0.114  0.170  0.203 -4.134 -0.691  6.782 
1349 -0.111  0.177  0.201 -4.117 -0.674  8.600 
1350 -0.108  0.182  0.200 -4.096 -0.663  10.517 
1351 -0.106  0.187  0.199 -4.072 -0.646  11.686 
1352 -0.104  0.190  0.197 -4.046 -0.646  12.830 
1353 -0.103  0.192  0.196 -4.019 -0.636  13.526 
1354 -0.102  0.194  0.195 -3.990 -0.634  14.098 
1355 -0.101  0.196  0.194 -3.961 -0.626  14.378 
1356 -0.101  0.197  0.192 -3.932 -0.639  14.441 
1357 -0.101  0.197  0.191 -3.904 -0.648  14.058 
1358 -0.100  0.198  0.190 -3.874 -0.669  14.564 
1359 -0.100  0.198  0.188 -3.842 -0.690  15.527 
1360 -0.100  0.199  0.187 -3.809 -0.722  16.620 
1361 -0.100  0.199  0.186 -3.773 -0.739  17.249 
1362 -0.100  0.199  0.184 -3.738 -0.705  16.512 
1363 -0.100  0.199  0.183 -3.707 -0.620  14.706 
1364 -0.100  0.199  0.182 -3.679 -0.544  13.535 
1365 -0.100  0.199  0.181 -3.650 -0.538  14.086 
1366 -0.100  0.199  0.180 -3.620 -0.549  15.145 
1367 -0.100  0.199  0.179 -3.586 -0.574  17.210 
1368 -0.100  0.199  0.178 -3.548 -0.598  18.962 
1369 -0.100  0.199  0.176 -3.507 -0.638  20.660 
1370 -0.100  0.199  0.175 -3.465 -0.631  20.675 
1371 -0.100  0.199  0.174 -3.427 -0.568  18.590 
1372 -0.100  0.199  0.173 -3.393 -0.494  16.723 
1373 -0.100  0.199  0.172 -3.360 -0.474  16.656 
1374 -0.100  0.199  0.171 -3.326 -0.475  17.441 
1375 -0.100  0.199  0.170 -3.288 -0.495  19.107 
1376 -0.100  0.199  0.169 -3.247 -0.517  20.817 
1377 -0.100  0.199  0.168 -3.202 -0.549  22.607 
1378 -0.100  0.199  0.167 -3.154 -0.570  24.025 
1379 -0.100  0.199  0.165 -3.104 -0.610  25.015 
1380 -0.100  0.172  0.164 -3.055 -0.622  24.563 
1381 -0.100  0.135  0.163 -3.010 -0.523  21.656 
1382 -0.100  0.095  0.162 -2.971 -0.437  19.441 
1383 -0.100  0.058  0.161 -2.935 -0.398  18.296 
1384 -0.100  0.026  0.161 -2.899 -0.412  17.989 
1385 -0.100 -0.001  0.160 -2.864 -0.438  17.543 
1386 -0.100 -0.023  0.159 -2.829 -0.479  17.358 
1387 -0.100 -0.041  0.158 -2.797 -0.495  16.749 
1388 -0.100 -0.055  0.157 -2.767 -0.550  15.591 
1389 -0.100 -0.066  0.155 -2.741 -0.594  13.526 
1390 -0.100 -0.074  0.154 -2.717 -0.622  11.827 
1391 -0.100 -0.080  0.153 -2.697 -0.606  10.058 
1392 -0.100 -0.085  0.152 -2.679 -0.576  9.281 
1393 -0.100 -0.089  0.151 -2.661 -0.536  8.860 
1394 -0.100 -0.092  0.150 -2.645 -0.515  8.106 
1395 -0.100 -0.094  0.149 -2.631 -0.511  6.542 
1396 -0.100 -0.095  0.147 -2.621 -0.524  4.821 
1397 -0.100 -0.096  0.146 -2.615 -0.544  2.726 
1398 -0.100 -0.097  0.145 -2.613 -0.568  0.750 
1399 -0.100 -0.098  0.144 -2.613 -0.597 -0.021 
1400 -0.100 -0.080  0.143 -2.613 -0.627  0.247 
1401 -0.100 -0.055  0.142 -2.612 -0.639  0.598 
1402 -0.100 -0.029  0.140 -2.611 -0.640  0.651 
1403 -0.100 -0.005  0.139 -2.610 -0.654  0.372 
1404 -0.100  0.016  0.138 -2.610 -0.656  0.094 
1405 -0.100  0.034  0.136 -2.609 -0.647  0.663 
1406 -0.100  0.049  0.135 -2.606 -0.631  1.089 
1407 -0.100  0.060  0.134 -2.603 -0.636  1.791 
1408 -0.100  0.070  0.133 -2.598 -0.633  2.540 
1409 -0.100  0.077  0.131 -2.591 -0.633  3.654 
1410 -0.100  0.083  0.130 -2.581 -0.605  5.102 
1411 -0.100  0.087  0.129 -2.569 -0.571  6.551 
1412 -0.100  0.090  0.128 -2.554 -0.525  7.336 
1413 -0.100  0.092  0.127 -2.537 -0.500  7.989 
1414 -0.100  0.094  0.126 -2.519 -0.485  8.485 
1415 -0.100  0.096  0.125 -2.499 -0.493  9.360 
1416 -0.100  0.097  0.124 -2.476 -0.509  10.921 
1417 -0.100  0.097  0.123 -2.452 -0.494  11.637 
1418 -0.100  0.098  0.122 -2.428 -0.458  11.411 
1419 -0.100  0.098  0.121 -2.406 -0.430  11.075 
1420 -0.091  0.081  0.120 -2.383 -0.439  11.476 
1421 -0.078  0.056  0.120 -2.359 -0.456  11.992 
1422 -0.065  0.029  0.119 -2.334 -0.485  12.792 
1423 -0.052  0.005  0.118 -2.309 -0.504  13.142 
1424 -0.042 -0.016  0.116 -2.283 -0.530  13.178 
1425 -0.032 -0.034  0.115 -2.259 -0.504  12.171 
1426 -0.025 -0.049  0.115 -2.236 -0.467  11.077 
1427 -0.019 -0.060  0.114 -2.215 -0.438  10.214 
1428 -0.014 -0.070  0.113 -2.195 -0.419  9.681 
1429 -0.011 -0.077  0.112 -2.176 -0.394  9.049 
1430 -0.008 -0.083  0.111 -2.160 -0.370  7.982 
1431 -0.006 -0.087  0.111 -2.145 -0.341  7.136 
1432 -0.004 -0.090  0.110 -2.132 -0.318  6.569 
1433 -0.003 -0.092  0.109 -2.119 -0.310  6.496 
1434 -0.002 -0.094  0.109 -2.106 -0.315  6.254 
1435 -0.001 -0.096  0.108 -2.095 -0.323  5.658 
1436 -0.001 -0.097  0.107 -2.085 -0.321  4.993 
1437 -0.001 -0.097  0.107 -2.075 -0.318  4.609 
1438 -0.000 -0.098  0.106 -2.067 -0.306  4.144 
1439 -0.000 -0.098  0.106 -2.059 -0.302  4.044 
1440 -0.018 -0.108  0.105 -2.051 -0.290  3.613 
1441 -0.043 -0.121  0.104 -2.045 -0.284  3.138 
1442 -0.069 -0.134  0.104 -2.039 -0.294  2.802 
1443 -0.094 -0.146  0.103 -2.034 -0.308  2.371 
1444 -0.116 -0.157  0.103 -2.030 -0.323  1.727 
1445 -0.134 -0.166  0.102 -2.028 -0.354  1.069 
1446 -0.149 -0.174  0.101 -2.028 -0.394  0.000 
1447 -0.160 -0.180  0.100 -2.030 -0.435 -1.357 
1448 -0.170 -0.185  0.099 -2.035 -0.490 -3.004 
1449 -0.177 -0.188  0.098 -2.044 -0.550 -4.568 
1450 -0.183 -0.191  0.097 -2.056 -0.603 -6.040 
1451 -0.187 -0.193  0.096 -2.070 -0.647 -7.354 
1452 -0.190 -0.195  0.094 -2.087 -0.704 -8.369 
1453 -0.192 -0.196  0.093 -2.107 -0.757 -9.992 
1454 -0.194 -0.197  0.091 -2.130 -0.822 -11.983 
1455 -0.196 -0.198  0.090 -2.157 -0.874 -13.731 
1456 -0.197 -0.198  0.088 -2.187 -0.929 -15.265 
1457 -0.197 -0.198  0.086 -2.220 -0.971 -16.413 
1458 -0.198 -0.199  0.084 -2.245 -0.975 -16.630 
1459 -0.198 -0.199  0.082 -2.276 -0.922 -15.425 
1460 -0.172 -0.163  0.081 -2.305 -0.897 -14.679 
1461 -0.134 -0.113  0.079 -2.335 -0.906 -14.890 
1462 -0.095 -0.060  0.077 -2.367 -0.926 -15.800 
1463 -0.058 -0.011  0.075 -2.399 -0.935 -16.245 
1464 -0.025  0.032  0.073 -2.432 -0.955 -16.501 
1465  0.001  0.068  0.071 -2.464 -0.944 -16.104 
1466  0.023  0.097  0.069 -2.495 -0.907 -15.466 
1467  0.041  0.121  0.068 -2.524 -0.858 -14.142 
1468  0.055  0.140  0.066 -2.549 -0.777 -11.972 
1469  0.066  0.154  0.065 -2.566 -0.635 -8.196 
1470  0.074  0.166  0.064 -2.575 -0.515 -5.211 
1471  0.080  0.174  0.063 -2.576 -0.397 -2.067 
1472  0.085  0.181  0.063 -2.572 -0.263  1.666 
1473  0.089  0.185  0.062 -2.561 -0.143  5.172 
1474  0.092  0.189  0.062 -2.544 -0.045  7.900 
1475  0.094  0.192  0.062 -2.524  0.000  10.268 
1476  0.095  0.194  0.062 -2.500  0.039  11.858 
1477  0.096  0.195  0.063 -2.474  0.102  13.088 
1478  0.097  0.196  0.063 -2.445  0.179  14.607 
1479  0.098  0.197  0.064 -2.412  0.243  16.568 
1480  0.080  0.171  0.064 -2.377  0.262  17.559 
1481  0.055  0.134  0.065 -2.341  0.251  18.031 
1482  0.029  0.094  0.065 -2.304  0.266  18.466 
1483  0.005  0.057  0.066 -2.266  0.298  18.911 
1484 -0.016  0.025  0.066 -2.228  0.306  19.204 
1485 -0.034 -0.001  0.067 -2.191  0.264  18.131 
1486 -0.049 -0.023  0.067 -2.158  0.191  16.528 
1487 -0.060 -0.041  0.067 -2.128  0.116  14.430 
1488 -0.070 -0.055  0.068 -2.103  0.036  12.494 
1489 -0.077 -0.066  0.068 -2.081 -0.022  10.769 
1490 -0.083 -0.074  0.067 -2.063 -0.064  9.307 
1491 -0.087 -0.080  0.067 -2.049 -0.114  7.645 
1492 -0.090 -0.085  0.067 -2.036 -0.167  6.328 
1493 -0.092 -0.089  0.066 -2.026 -0.195  5.309 
1494 -0.094 -0.092  0.066 -2.018 -0.240  4.284 
1495 -0.096 -0.094  0.065 -2.012 -0.293  2.880 
1496 -0.097 -0.095  0.065 -2.009 -0.348  1.508 
1497 -0.097 -0.096  0.064 -2.008 -0.386  0.066 
1498 -0.098 -0.097  0.063 -2.010 -0.427 -1.031 
1499 -0.098 -0.098  0.062 -2.014 -0.449 -1.919 
1500 -0.090 -0.080  0.061 -2.020 -0.476 -2.871 
1501 -0.077 -0.055  0.060 -2.027 -0.508 -3.480 
1502 -0.064 -0.029  0.059 -2.034 -0.517 -3.808 
1503 -0.052 -0.005  0.058 -2.042 -0.511 -3.715 
1504 -0.041  0.016  0.057 -2.048 -0.486 -3.220 
1505 -0.032  0.034  0.056 -2.054 -0.468 -2.712 
1506 -0.025  0.049  0.055 -2.059 -0.448 -2.312 
1507 -0.019  0.060  0.054 -2.062 -0.429 -1.554 
1508 -0.014  0.070  0.054 -2.063 -0.402 -0.521 
1509 -0.011  0.077  0.053 -2.061 -0.352  0.867 
1510 -0.008  0.083  0.052 -2.057 -0.309  1.784 
1511 -0.006  0.087  0.052 -2.050 -0.288  2.585 
1512 -0.004  0.090  0.051 -2.042 -0.252  3.440 
1513 -0.003  0.092  0.051 -2.032 -0.220  4.446 
1514 -0.002  0.094  0.050 -2.021 -0.205  5.207 
1515 -0.001  0.096  0.050 -2.011 -0.190  5.579 
1516 -0.001  0.097  0.050 -2.001 -0.180  5.796 
1517 -0.001  0.097  0.049 -1.990 -0.180  6.120 
1518 -0.000  0.098  0.049 -1.979 -0.184  6.196 
1519 -0.000  0.098  0.048 -1.968 -0.191  5.976 
1520 -0.009  0.090  0.048 -1.956 -0.206  6.082 
1521 -0.021  0.077  0.048 -1.944 -0.203  6.001 
1522 -0.035  0.064  0.047 -1.932 -0.202  6.317 
1523 -0.047  0.052  0.047 -1.919 -0.195  6.370 
1524 -0.058  0.041  0.046 -1.906 -0.198  6.572 
1525 -0.067  0.032  0.046 -1.893 -0.198  6.577 
1526 -0.074  0.025  0.046 -1.880 -0.202  6.652 
1527 -0.080  0.019  0.045 -1.867 -0.206  6.681 
1528 -0.085  0.014  0.045 -1.853 -0.216  6.764 
1529 -0.088  0.011  0.044 -1.840 -0.221  6.745 
1530 -0.091  0.008  0.044 -1.828 -0.234  6.738 
1531 -0.093  0.006  0.043 -1.815 -0.243  6.360 
1532 -0.095  0.004  0.043 -1.804 -0.255  6.186 
1533 -0.096  0.003  0.042 -1.791 -0.262  6.101 
1534 -0.097  0.002  0.042 -1.779 -0.268  6.060 
1535 -0.098  0.001  0.041 -1.766 -0.278  6.274 
1536 -0.098  0.001  0.041 -1.754 -0.282  6.208 
1537 -0.098  0.001  0.040 -1.742 -0.308  5.901 
1538 -0.099  0.000  0.039 -1.731 -0.317  5.253 
1539 -0.099  0.000  0.039 -1.721 -0.324  5.208 
1540 -0.099 -0.017  0.038 -1.710 -0.316  5.269 
1541 -0.099 -0.042  0.037 -1.698 -0.319  5.628 
1542 -0.099 -0.069  0.037 -1.685 -0.307  5.812 
1543 -0.099 -0.094  0.036 -1.674 -0.308  5.707 
1544 -0.099 -0.115  0.036 -1.663 -0.315  5.142 
1545 -0.099 -0.134  0.035 -1.654 -0.329  4.277 
1546 -0.099 -0.148  0.034 -1.647 -0.351  3.514 
1547 -0.099 -0.160  0.034 -1.642 -0.380  2.542 
1548 -0.099 -0.170  0.033 -1.639 -0.418  1.198 
1549 -0.099 -0.177  0.032 -1.639 -0.475 -0.441 
1550 -0.099 -0.182  0.031 -1.643 -0.524 -2.426 
1551 -0.099 -0.187  0.030 -1.652 -0.572 -4.637 
1552 -0.099 -0.190  0.028 -1.665 -0.625 -6.608 
1553 -0.099 -0.192  0.027 -1.682 -0.674 -8.314 
1554 -0.099 -0.194  0.026 -1.699 -0.689 -8.648 
1555 -0.099 -0.196  0.024 -1.715 -0.644 -7.783 
1556 -0.099 -0.197  0.023 -1.729 -0.607 -7.028 
1557 -0.099 -0.197  0.022 -1.743 -0.600 -7.233 
1558 -0.099 -0.198  0.021 -1.760 -0.606 -8.356 
1559 -0.099 -0.198  0.019 -1.779 -0.626 -10.055 
1560 -0.108 -0.190  0.018 -1.802 -0.650 -11.611 
1561 -0.121 -0.177  0.017 -1.828 -0.671 -12.994 
1562 -0.134 -0.164  0.015 -1.856 -0.692 -14.003 
1563 -0.147 -0.152  0.014 -1.884 -0.701 -14.031 
1564 -0.157 -0.141  0.013 -1.910 -0.687 -12.722 
1565 -0.167 -0.132  0.011 -1.933 -0.646 -11.400 
1566 -0.174 -0.125  0.010 -1.955 -0.621 -10.783 
1567 -0.180 -0.119  0.009 -1.976 -0.629 -10.780 
1568 -0.185 -0.114  0.008 -1.999 -0.656 -11.375 
1569 -0.188 -0.111  0.006 -2.023 -0.699 -12.158 
1570 -0.191 -0.108  0.005 -2.050 -0.745 -13.376 
1571 -0.193 -0.106  0.003 -2.078 -0.783 -14.182 
1572 -0.195 -0.104  0.002 -2.108 -0.818 -15.138 
1573 -0.196 -0.103  0.000 -2.140 -0.845 -15.897 
1574 -0.197 -0.102 -0.001 -2.171 -0.837 -15.603 
1575 -0.198 -0.101 -0.002 -2.199 -0.784 -13.841 
1576 -0.198 -0.101 -0.004 -2.225 -0.743 -12.579 
1577 -0.198 -0.101 -0.005 -2.249 -0.733 -12.315 
1578 -0.199 -0.100 -0.007 -2.274 -0.751 -12.670 
1579 -0.199 -0.100 -0.008 -2.301 -0.798 -13.130 
1580 -0.190 -0.109 -0.010 -2.328 -0.852 -13.676 
1581 -0.178 -0.121 -0.012 -2.357 -0.901 -14.657 
1582 -0.164 -0.135 -0.014 -2.387 -0.926 -15.333 
1583 -0.152 -0.147 -0.015 -2.411 -0.929 -15.766 
1584 -0.141 -0.158 -0.017 -2.443 -0.932 -16.395 
1585 -0.132 -0.167 -0.019 -2.476 -0.904 -16.083 
1586 -0.125 -0.174 -0.021 -2.505 -0.832 -14.178 
1587 -0.119 -0.180 -0.022 -2.530 -0.769 -12.693 
1588 -0.114 -0.185 -0.024 -2.555 -0.744 -12.391 
1589 -0.111 -0.188 -0.025 -2.580 -0.737 -12.748 
1590 -0.108 -0.191 -0.027 -2.608 -0.746 -13.634 
1591 -0.106 -0.193 -0.028 -2.638 -0.739 -14.549 
1592 -0.104 -0.195 -0.029 -2.668 -0.670 -14.538 
1593 -0.103 -0.196 -0.031 -2.697 -0.601 -14.357 
1594 -0.102 -0.197 -0.032 -2.723 -0.576 -13.238 
1595 -0.101 -0.198 -0.033 -2.747 -0.573 -12.370 
1596 -0.101 -0.198 -0.034 -2.772 -0.584 -12.566 
1597 -0.101 -0.198 -0.035 -2.800 -0.609 -13.575 
1598 -0.100 -0.199 -0.036 -2.831 -0.603 -15.285 
1599 -0.100 -0.199 -0.038 -2.865 -0.589 -16.818 
1600 -0.073 -0.181 -0.039 -2.899 -0.563 -16.740 
1601 -0.035 -0.156 -0.040 -2.929 -0.518 -15.256 
1602  0.004 -0.130 -0.041 -2.955 -0.500 -13.206 
1603  0.041 -0.105 -0.042 -2.980 -0.498 -12.325 
1604  0.073 -0.083 -0.043 -3.006 -0.466 -12.523 
1605  0.101 -0.065 -0.044 -3.032 -0.413 -12.923 
1606  0.123 -0.050 -0.044 -3.058 -0.345 -13.205 
1607  0.141 -0.039 -0.045 -3.085 -0.270 -13.202 
1608  0.155 -0.029 -0.045 -3.111 -0.235 -12.668 
1609  0.166 -0.022 -0.046 -3.135 -0.217 -12.055 
1610  0.174 -0.016 -0.046 -3.159 -0.211 -12.000 
1611  0.180 -0.012 -0.047 -3.183 -0.185 -12.228 
1612  0.185 -0.009 -0.047 -3.208 -0.127 -12.481 
1613  0.189 -0.007 -0.047 -3.233 -0.057 -12.270 
1614  0.192 -0.005 -0.047 -3.257 -0.001 -11.828 
1615  0.194 -0.003 -0.047 -3.278  0.014 -10.612 
1616  0.195 -0.002 -0.047 -3.298  0.040 -9.482 
1617  0.196 -0.002 -0.047 -3.315  0.086 -8.670 
1618  0.197 -0.001 -0.046 -3.331  0.148 -8.578 
1619  0.198 -0.001 -0.046 -3.349  0.203 -9.141 
1620  0.180 -0.018 -0.045 -3.369  0.245 -9.973 
1621  0.155 -0.043 -0.045 -3.388  0.274 -10.069 
1622  0.129 -0.070 -0.044 -3.406  0.283 -9.284 
1623  0.105 -0.094 -0.044 -3.422  0.279 -8.166 
1624  0.083 -0.116 -0.043 -3.439  0.250 -8.521 
1625  0.065 -0.134 -0.043 -3.458  0.221 -9.654 
1626  0.050 -0.149 -0.042 -3.479  0.227 -10.667 
1627  0.039 -0.160 -0.042 -3.502  0.252 -11.776 
1628  0.029 -0.170 -0.041 -3.528  0.285 -12.981 
1629  0.022 -0.177 -0.041 -3.556  0.311 -13.998 
1630  0.016 -0.183 -0.040 -3.585  0.317 -14.707 
1631  0.012 -0.187 -0.039 -3.616  0.309 -15.131 
1632  0.009 -0.190 -0.039 -3.646  0.286 -15.043 
1633  0.007 -0.192 -0.038 -3.676  0.265 -15.375 
1634  0.005 -0.194 -0.038 -3.708  0.221 -15.796 
1635  0.003 -0.196 -0.037 -3.741  0.185 -16.683 
1636  0.002 -0.197 -0.037 -3.776  0.146 -17.824 
1637  0.002 -0.197 -0.037 -3.813  0.138 -18.799 
1638  0.001 -0.198 -0.037 -3.853  0.100 -19.666 
1639  0.001 -0.198 -0.036 -3.893  0.073 -20.254 
1640  0.018 -0.190 -0.036 -3.934  0.038 -20.562 
1641  0.043 -0.177 -0.036 -3.977  0.026 -21.226 
1642  0.070 -0.164 -0.036 -4.020  0.033 -21.441 
1643  0.094 -0.152 -0.036 -4.062  0.082 -21.321 
1644  0.116 -0.141 -0.036 -4.105  0.133 -21.319 
1645  0.134 -0.132 -0.035 -4.149  0.188 -22.032 
1646  0.149 -0.125 -0.035 -4.194  0.246 -22.784 
1647  0.160 -0.119 -0.035 -4.239  0.247 -22.023 
1648  0.170 -0.114 -0.034 -4.280  0.247 -20.569 
1649  0.177 -0.111 -0.034 -4.319  0.261 -19.466 
1650  0.183 -0.108 -0.033 -4.358  0.309 -19.458 
1651  0.187 -0.106 -0.032 -4.396  0.351 -18.817 
1652  0.190 -0.104 -0.031 -4.432  0.395 -18.086 
1653  0.192 -0.103 -0.031 -4.466  0.431 -17.237 
1654  0.194 -0.102 -0.030 -4.499  0.492 -17.387 
1655  0.196 -0.101 -0.028 -4.532  0.565 -17.039 
1656  0.197 -0.101 -0.027 -4.566  0.615 -17.174 
1657  0.197 -0.101 -0.026 -4.601  0.547 -17.133 
1658  0.198 -0.100 -0.025 -4.635  0.501 -17.118 
1659  0.198 -0.100 -0.024 -4.669  0.504 -17.155 
1660  0.190 -0.082 -0.023 -4.703  0.550 -17.743 
1661  0.177 -0.057 -0.022 -4.737  0.635 -17.599 
1662  0.164 -0.030 -0.020 -4.771  0.719 -17.638 
1663  0.152 -0.005 -0.019 -4.808  0.781 -17.923 
1664  0.141  0.015 -0.017 -4.845  0.752 -17.660 
1665  0.132  0.034 -0.016 -4.880  0.700 -17.013 
1666  0.125  0.048 -0.014 -4.912  0.670 -15.864 
1667  0.119  0.060 -0.013 -4.942  0.664 -15.020 
1668  0.114  0.070 -0.012 -4.971  0.658 -14.062 
1669  0.111  0.077 -0.010 -4.998  0.663 -13.190 
1670  0.108  0.082 -0.009 -5.021  0.671 -11.446 
1671  0.106  0.087 -0.008 -5.041  0.702 -9.879 
1672  0.104  0.090 -0.006 -5.058  0.745 -8.051 
1673  0.103  0.092 -0.005 -5.072  0.780 -7.091 
1674  0.102  0.094 -0.003 -5.085  0.777 -6.491 
1675  0.101  0.096 -0.002 -5.098  0.773 -6.235 
1676  0.101  0.097 -0.000 -5.109  0.776 -5.458 
1677  0.101  0.097  0.001 -5.118  0.788 -4.043 
1678  0.100  0.098  0.002 -5.123  0.820 -2.251 
1679  0.100  0.098  0.004 -5.124  0.853 -0.509 
1680  0.091  0.072  0.006 -5.123  0.865  0.343 
1681  0.078  0.034  0.007 -5.123  0.840  0.125 
1682  0.065 -0.004  0.009 -5.125  0.826 -0.731 
1683  0.052 -0.041  0.011 -5.127  0.807 -1.065 
1684  0.042 -0.074  0.012 -5.129  0.805 -1.453 
1685  0.033 -0.101  0.014 -5.133  0.791 -1.713 
1686  0.025 -0.123  0.015 -5.138  0.776 -2.525 
1687  0.019 -0.141  0.017 -5.145  0.743 -3.605 
1688  0.014 -0.155  0.018 -5.155  0.698 -5.232 
1689  0.011 -0.166  0.020 -5.168  0.638 -6.837 
1690  0.008 -0.174  0.021 -5.186  0.608 -8.518 
1691  0.006 -0.180  0.022 -5.208  0.554 -10.493 
1692  0.004 -0.185  0.023 -5.234  0.479 -12.855 
1693  0.003 -0.189  0.024 -5.263  0.400 -14.502 
1694  0.002 -0.192  0.024 -5.296  0.357 -16.526 
1695  0.001 -0.194  0.025 -5.332  0.338 -18.044 
1696  0.001 -0.195  0.026 -5.370  0.363 -18.779 
1697  0.001 -0.196  0.026 -5.408  0.382 -19.302 
1698  0.000 -0.197  0.027 -5.448  0.343 -19.647 
1699  0.000 -0.198  0.028 -5.488  0.273 -20.132 
1700 -0.017 -0.198  0.028 -5.529  0.204 -20.875 
1701 -0.042 -0.199  0.028 -5.573  0.161 -22.514 
1702 -0.069 -0.199  0.029 -5.622  0.117 -24.205 
1703 -0.094 -0.199  0.029 -5.673  0.090 -26.102 
1704 -0.115 -0.199  0.029 -5.726  0.099 -26.278 
1705 -0.134 -0.199  0.029 -5.778  0.132 -25.802 
1706 -0.148 -0.199  0.029 -5.828  0.104 -25.326 
1707 -0.160 -0.199  0.030 -5.880  0.039 -25.663 
1708 -0.170 -0.199  0.030 -5.919 -0.039 -26.210 
1709 -0.177 -0.199  0.029 -5.973 -0.121 -27.400 
1710 -0.182 -0.199  0.029 -6.030 -0.201 -28.220 
1711 -0.187 -0.199  0.028 -6.087 -0.255 -28.858 
1712 -0.190 -0.199  0.028 -6.146 -0.309 -29.378 
1713 -0.192 -0.199  0.027 -6.206 -0.376 -29.924 
1714 -0.194 -0.199  0.026 -6.266 -0.423 -30.084 
1715 -0.196 -0.199  0.025 -6.324 -0.440 -29.096 
1716 -0.197 -0.199  0.025 -6.378 -0.368 -26.317 
1717 -0.197 -0.199  0.024 -6.427 -0.288 -24.305 
1718 -0.198 -0.199  0.024 -6.475 -0.250 -24.434 
1719 -0.198 -0.199  0.023 -6.525 -0.276 -25.095 
1720 -0.199 -0.172  0.022 -6.576 -0.317 -25.646 
1721 -0.199 -0.135  0.022 -6.628 -0.372 -26.017 
1722 -0.199 -0.095  0.021 -6.681 -0.433 -26.118 
1723 -0.199 -0.058  0.020 -6.733 -0.481 -25.889 
1724 -0.199 -0.026  0.019 -6.784 -0.553 -25.728 
1725 -0.199  0.001  0.018 -6.834 -0.619 -24.832 
1726 -0.199  0.023  0.016 -6.880 -0.675 -23.868 
1727 -0.199  0.041  0.015 -6.924 -0.752 -21.883 
1728 -0.199  0.055  0.013 -6.963 -0.840 -19.531 
1729 -0.199  0.066  0.011 -6.998 -0.881 -17.309 
1730 -0.199  0.074  0.009 -7.026 -0.803 -13.604 
1731 -0.199  0.080  0.008 -7.046 -0.678 -10.191 
1732 -0.199  0.085  0.007 -7.062 -0.590 -7.792 
1733 -0.199  0.089  0.006 -7.074 -0.591 -5.431 
1734 -0.199  0.092  0.004 -7.081 -0.637 -3.184 
1735 -0.199  0.094  0.003 -7.083 -0.726 -1.025 
1736 -0.199  0.095  0.001 -7.082 -0.803  0.957 
1737 -0.199  0.096  0.000 -7.076 -0.888  3.071 
1738 -0.199  0.097 -0.001 -7.067 -0.959  4.597 
1739 -0.199  0.098 -0.003 -7.055 -1.042  6.267 
1740 -0.172  0.107 -0.006 -7.040 -1.108  7.534 
1741 -0.135  0.120 -0.008 -7.023 -1.178  8.737 
1742 -0.095  0.134 -0.010 -7.003 -1.218  9.751 
1743 -0.058  0.146 -0.013 -6.982 -1.244  11.013 
1744 -0.026  0.157 -0.015 -6.958 -1.249  12.164 
1745  0.001  0.166 -0.018 -6.932 -1.166  12.914 
1746  0.023  0.174 -0.020 -6.906 -1.050  13.191 
1747  0.041  0.180 -0.022 -6.882 -0.880  11.623 
1748  0.055  0.184 -0.023 -6.859 -0.711  10.627 
1749  0.066  0.188 -0.024 -6.835 -0.533  11.479 
1750  0.074  0.191 -0.025 -6.807 -0.384  13.565 
1751  0.080  0.193 -0.025 -6.775 -0.228  15.972 
1752  0.085  0.195 -0.025 -6.740 -0.081  17.810 
1753  0.089  0.196 -0.025 -6.702  0.066  19.043 
1754  0.092  0.197 -0.025 -6.661  0.197  20.291 
1755  0.094  0.198 -0.024 -6.619  0.271  21.061 
1756  0.095  0.198 -0.024 -6.579  0.241  19.467 
1757  0.096  0.198 -0.023 -6.544  0.204  17.123 
1758  0.097  0.199 -0.023 -6.512  0.250  16.074 
1759  0.098  0.199 -0.022 -6.480  0.323  15.834 
1760  0.071  0.199 -0.022 -6.447  0.391  16.695 
1761  0.034  0.199 -0.021 -6.411  0.454  18.121 
1762 -0.005  0.199 -0.020 -6.372  0.516  19.812 
1763 -0.042  0.199 -0.019 -6.331  0.554  20.948 
1764 -0.074  0.199 -0.017 -6.287  0.574  21.976 
1765 -0.101  0.199 -0.016 -6.243  0.534  21.998 
1766 -0.123  0.199 -0.016 -6.201  0.377  20.465 
1767 -0.141  0.199 -0.015 -6.163  0.220  19.021 
1768 -0.155  0.199 -0.015 -6.126  0.108  18.426 
1769 -0.166  0.199 -0.015 -6.089 -0.003  18.848 
1770 -0.174  0.199 -0.015 -6.049 -0.112  19.895 
1771 -0.180  0.199 -0.015 -6.007 -0.197  21.445 
1772 -0.185  0.199 -0.016 -5.962 -0.255  22.216 
1773 -0.189  0.199 -0.016 -5.917 -0.284  22.592 
1774 -0.192  0.199 -0.017 -5.871 -0.345  23.122 
1775 -0.194  0.199 -0.018 -5.824 -0.412  23.680 
1776 -0.195  0.199 -0.019 -5.775 -0.506  24.927 
1777 -0.196  0.199 -0.020 -5.724 -0.587  25.673 
1778 -0.197  0.199 -0.021 -5.671 -0.676  26.696 
1779 -0.198  0.199 -0.023 -5.618 -0.726  26.592 
1780 -0.171  0.199 -0.024 -5.569 -0.753  25.110 
1781 -0.134  0.199 -0.026 -5.526 -0.710  21.664 
1782 -0.094  0.199 -0.027 -5.487 -0.678  19.226 
1783 -0.057  0.199 -0.029 -5.450 -0.656  18.318 
1784 -0.025  0.199 -0.030 -5.412 -0.654  19.134 
1785  0.001  0.199 -0.031 -5.372 -0.633  20.390 
1786  0.023  0.199 -0.032 -5.327 -0.617  22.494 
1787  0.041  0.199 -0.034 -5.278 -0.566  24.641 
1788  0.055  0.199 -0.035 -5.226 -0.527  25.971 
1789  0.066  0.199 -0.036 -5.175 -0.464  25.479 
1790  0.074  0.199 -0.036 -5.129 -0.335  22.681 
1791  0.080  0.199 -0.037 -5.088 -0.210  20.427 
1792  0.085  0.199 -0.037 -5.048 -0.104  20.086 
1793  0.089  0.199 -0.037 -5.006 -0.008  20.986 
1794  0.092  0.199 -0.037 -4.961  0.090  22.591 
1795  0.094  0.199 -0.036 -4.912  0.179  24.683 
1796  0.095  0.199 -0.036 -4.861  0.269  25.781 
1797  0.096  0.199 -0.035 -4.809  0.312  26.102 
1798  0.097  0.199 -0.035 -4.757  0.313  25.671 
1799  0.098  0.199 -0.034 -4.707  0.277  24.965 
1800  0.098  0.163 -0.034 -4.658  0.250  24.509 
1801  0.099  0.113 -0.033 -4.609  0.248  24.769 
1802  0.099  0.060 -0.033 -4.558  0.280  25.183 
1803  0.099  0.011 -0.032 -4.507  0.326  25.431 
1804  0.099 -0.031 -0.031 -4.456  0.361  25.742 
1805  0.099 -0.068 -0.030 -4.405  0.395  25.219 
1806  0.099 -0.097 -0.030 -4.357  0.411  23.889 
1807  0.099 -0.121 -0.029 -4.314  0.358  21.119 
1808  0.099 -0.140 -0.028 -4.277  0.261  17.736 
1809  0.099 -0.154 -0.028 -4.247  0.181  14.807 
1810  0.099 -0.165 -0.028 -4.222  0.138  12.174 
1811  0.099 -0.174 -0.027 -4.204  0.120  9.260 
1812  0.099 -0.181 -0.027 -4.194  0.170  5.204 
1813  0.099 -0.185 -0.027 -4.192  0.224  1.499 
1814  0.099 -0.189 -0.026 -4.193  0.266 -0.516 
1815  0.099 -0.192 -0.025 -4.196  0.319 -0.993 
1816  0.099 -0.194 -0.025 -4.198  0.353 -1.162 
1817  0.099 -0.195 -0.024 -4.202  0.372 -2.261 
1818  0.099 -0.196 -0.023 -4.211  0.405 -4.523 
1819  0.099 -0.197 -0.022 -4.225  0.454 -6.964 
1820  0.072 -0.198 -0.021 -4.244  0.477 -9.015 
1821  0.035 -0.198 -0.020 -4.267  0.492 -11.120 
1822 -0.004 -0.199 -0.019 -4.291  0.494 -12.377 
1823 -0.041 -0.199 -0.018 -4.316  0.512 -12.978 
1824 -0.073 -0.199 -0.017 -4.342  0.459 -13.390 
1825 -0.101 -0.199 -0.017 -4.370  0.364 -13.865 
1826 -0.123 -0.199 -0.016 -4.399  0.226 -14.720 
1827 -0.141 -0.199 -0.016 -4.432  0.112 -16.186 
1828 -0.155 -0.199 -0.016 -4.466 -0.000 -17.636 
1829 -0.166 -0.199 -0.016 -4.504 -0.088 -19.103 
1830 -0.174 -0.199 -0.016 -4.543 -0.176 -19.518 
1831 -0.180 -0.199 -0.017 -4.582 -0.255 -19.093 
1832 -0.185 -0.199 -0.018 -4.618 -0.344 -18.640 
1833 -0.189 -0.199 -0.018 -4.644 -0.416 -18.194 
1834 -0.192 -0.199 -0.019 -4.680 -0.499 -18.133 
1835 -0.194 -0.199 -0.020 -4.716 -0.563 -18.236 
1836 -0.195 -0.199 -0.022 -4.753 -0.612 -18.671 
1837 -0.196 -0.199 -0.023 -4.792 -0.651 -19.394 
1838 -0.197 -0.199 -0.024 -4.832 -0.694 -20.207 
1839 -0.198 -0.199 -0.026 -4.871 -0.692 -19.778 
1840 -0.180 -0.181 -0.027 -4.908 -0.656 -18.587 
1841 -0.155 -0.156 -0.028 -4.943 -0.641 -17.777 
1842 -0.129 -0.130 -0.030 -4.978 -0.654 -17.733 
1843 -0.105 -0.105 -0.031 -5.013 -0.679 -18.142 
1844 -0.083 -0.084 -0.032 -5.049 -0.702 -18.346 
1845 -0.065 -0.065 -0.034 -5.085 -0.718 -18.429 
1846 -0.050 -0.051 -0.035 -5.122 -0.722 -18.303 
1847 -0.039 -0.039 -0.037 -5.158 -0.712 -17.878 
1848 -0.029 -0.029 -0.038 -5.191 -0.660 -16.433 
1849 -0.022 -0.022 -0.039 -5.219 -0.536 -13.202 
1850 -0.016 -0.017 -0.040 -5.239 -0.408 -9.914 
1851 -0.012 -0.012 -0.041 -5.255 -0.318 -7.622 
1852 -0.009 -0.009 -0.041 -5.267 -0.258 -6.079 
1853 -0.007 -0.007 -0.042 -5.278 -0.220 -5.105 
1854 -0.005 -0.005 -0.042 -5.288 -0.195 -4.475 
1855 -0.003 -0.003 -0.042 -5.296 -0.171 -3.928 
1856 -0.002 -0.002 -0.043 -5.303 -0.142 -3.349 
1857 -0.002 -0.002 -0.043 -5.309 -0.118 -2.844 
1858 -0.001 -0.001 -0.043 -5.315 -0.101 -2.629 
1859 -0.001 -0.001 -0.043 -5.319 -0.082 -2.313 
1860 -0.018 -0.009 -0.043 -5.323 -0.064 -1.943 
1861 -0.043 -0.022 -0.043 -5.327 -0.050 -1.630 
1862 -0.070 -0.035 -0.044 -5.330 -0.051 -1.697 
1863 -0.094 -0.047 -0.044 -5.334 -0.062 -1.977 
1864 -0.116 -0.058 -0.044 -5.337 -0.066 -2.096 
1865 -0.134 -0.067 -0.044 -5.341 -0.074 -2.272 
1866 -0.149 -0.074 -0.044 -5.346 -0.106 -2.677 
1867 -0.160 -0.080 -0.045 -5.352 -0.147 -3.256 
1868 -0.170 -0.085 -0.045 -5.360 -0.203 -4.236 
1869 -0.177 -0.088 -0.045 -5.371 -0.258 -5.455 
1870 -0.183 -0.091 -0.046 -5.385 -0.319 -6.909 
1871 -0.187 -0.093 -0.047 -5.401 -0.373 -8.420 
1872 -0.190 -0.095 -0.048 -5.419 -0.406 -9.237 
1873 -0.192 -0.096 -0.048 -5.438 -0.433 -9.441 
1874 -0.194 -0.097 -0.049 -5.457 -0.463 -9.589 
1875 -0.196 -0.098 -0.050 -5.477 -0.506 -9.990 
1876 -0.197 -0.098 -0.051 -5.500 -0.549 -11.358 
1877 -0.197 -0.098 -0.053 -5.525 -0.600 -12.702 
1878 -0.198 -0.099 -0.054 -5.553 -0.659 -13.699 
1879 -0.198 -0.099 -0.055 -5.582 -0.709 -14.550 
1880 -0.172 -0.099 -0.057 -5.613 -0.745 -15.663 
1881 -0.134 -0.099 -0.058 -5.646 -0.773 -16.243 
1882 -0.095 -0.099 -0.060 -5.678 -0.775 -15.732 
1883 -0.058 -0.099 -0.061 -5.707 -0.731 -14.687 
1884 -0.025 -0.099 -0.063 -5.736 -0.688 -14.126 
1885  0.001 -0.099 -0.064 -5.764 -0.661 -13.826 
1886  0.023 -0.099 -0.065 -5.791 -0.637 -13.482 
1887  0.041 -0.099 -0.066 -5.818 -0.603 -12.994 
1888  0.055 -0.099 -0.068 -5.843 -0.555 -12.163 
1889  0.066 -0.099 -0.069 -5.865 -0.504 -11.152 
1890  0.074 -0.099 -0.069 -5.886 -0.443 -9.784 
1891  0.080 -0.099 -0.070 -5.904 -0.367 -8.145 
1892  0.085 -0.099 -0.071 -5.920 -0.308 -7.420 
1893  0.089 -0.099 -0.071 -5.935 -0.269 -7.236 
1894  0.092 -0.099 -0.072 -5.950 -0.217 -7.285 
1895  0.094 -0.099 -0.072 -5.966 -0.173 -7.644 
1896  0.095 -0.099 -0.072 -5.982 -0.134 -8.071 
1897  0.096 -0.099 -0.073 -5.999 -0.105 -8.362 
1898  0.097 -0.099 -0.073 -6.017 -0.073 -8.838 
1899  0.098 -0.099 -0.073 -6.035 -0.054 -9.036 
1900  0.107 -0.090 -0.073 -6.053 -0.034 -9.162 
1901  0.120 -0.078 -0.073 -6.072 -0.026 -9.266 
1902  0.134 -0.065 -0.073 -6.091  0.000 -9.461 
1903  0.146 -0.052 -0.073 -6.110  0.028 -9.525 
1904  0.157 -0.042 -0.073 -6.129  0.066 -9.990 
1905  0.166 -0.032 -0.073 -6.150  0.086 -10.224 
1906  0.174 -0.025 -0.072 -6.170  0.092 -10.066 
1907  0.180 -0.019 -0.072 -6.189  0.097 -9.485 
1908  0.184 -0.014 -0.072 -6.207  0.125 -9.047 
1909  0.188 -0.011 -0.072 -6.226  0.170 -9.199 
1910  0.191 -0.008 -0.071 -6.244  0.214 -9.481 
1911  0.193 -0.006 -0.071 -6.264  0.258 -9.961 
1912  0.195 -0.004 -0.070 -6.283  0.280 -10.086 
1913  0.196 -0.003 -0.069 -6.301  0.283 -9.874 
1914  0.197 -0.002 -0.069 -6.318  0.277 -9.536 
1915  0.198 -0.001 -0.068 -6.336  0.293 -9.707 
1916  0.198 -0.001 -0.067 -6.352  0.331 -9.341 
1917  0.198 -0.001 -0.067 -6.369  0.391 -9.115 
1918  0.199 -0.000 -0.066 -6.386  0.441 -8.677 
1919  0.199 -0.000 -0.065 -6.403  0.476 -8.641 
1920  0.199  0.017 -0.064 -6.419  0.481 -8.131 
1921  0.199  0.042 -0.063 -6.434  0.496 -7.704 
1922  0.199  0.069 -0.062 -6.448  0.518 -6.751 
1923  0.199  0.094 -0.061 -6.459  0.586 -5.630 
1924  0.199  0.115 -0.059 -6.468  0.676 -3.933 
1925  0.199  0.134 -0.058 -6.472  0.787 -1.927 
1926  0.199  0.148 -0.056 -6.472  0.886  0.255 
1927  0.199  0.160 -0.054 -6.467  1.003  2.741 
1928  0.199  0.170 -0.052 -6.457  1.085  5.187 
1929  0.199  0.177 -0.050 -6.443  1.155  7.549 
1930  0.199  0.182 -0.047 -6.424  1.207  9.740 
1931  0.199  0.187 -0.045 -6.401  1.243  11.627 
1932  0.199  0.190 -0.042 -6.374  1.275  13.617 
1933  0.199  0.192 -0.040 -6.344  1.287  15.160 
1934  0.199  0.194 -0.037 -6.312  1.281  16.354 
1935  0.199  0.196 -0.034 -6.278  1.269  17.451 
1936  0.199  0.197 -0.032 -6.241  1.262  18.435 
1937  0.199  0.197 -0.029 -6.202  1.251  19.370 
1938  0.199  0.198 -0.027 -6.162  1.250  20.191 
1939  0.199  0.198 -0.024 -6.120  1.238  20.978 
1940  0.181  0.163 -0.022 -6.077  1.233  21.696 
1941  0.156  0.113 -0.019 -6.033  1.222  22.225 
1942  0.130  0.060 -0.017 -5.988  1.217  22.542 
1943  0.105  0.010 -0.015 -5.942  1.206  22.828 
1944  0.084 -0.032 -0.012 -5.896  1.191  23.157 
1945  0.065 -0.068 -0.010 -5.851  1.155  22.316 
1946  0.051 -0.098 -0.008 -5.809  1.134  20.607 
1947  0.039 -0.121 -0.005 -5.771  1.102  18.356 
1948  0.029 -0.140 -0.003 -5.739  1.075  15.491 
1949  0.022 -0.154 -0.001 -5.714  1.035  12.360 
1950  0.017 -0.166  0.000 -5.696  0.988  8.695 
1951  0.012 -0.174  0.002 -5.685  0.921  4.866 
1952  0.009 -0.181  0.003 -5.682  0.856  0.890 
1953  0.007 -0.185  0.005 -5.687  0.788 -2.998 
1954  0.005 -0.189  0.006 -5.700  0.730 -6.596 
1955  0.003 -0.192  0.008 -5.721  0.654 -10.572 
1956  0.002 -0.194  0.009 -5.746  0.521 -12.688 
1957  0.002 -0.195  0.009 -5.772  0.332 -12.850 
1958  0.001 -0.196  0.010 -5.799  0.187 -13.394 
1959  0.001 -0.197  0.010 -5.819  0.149 -13.541 
1960 -0.008 -0.198  0.010 -5.844  0.189 -12.709 
1961 -0.021 -0.198  0.011 -5.869  0.240 -12.912 
1962 -0.034 -0.199  0.011 -5.896  0.228 -13.772 
1963 -0.046 -0.199  0.012 -5.925  0.157 -14.437 
1964 -0.057 -0.199  0.012 -5.955  0.047 -15.006 
1965 -0.066 -0.199  0.012 -5.987 -0.034 -16.542 
1966 -0.074 -0.199  0.012 -6.023 -0.089 -18.123 
1967 -0.080 -0.199  0.011 -6.063 -0.127 -20.189 
1968 -0.085 -0.199  0.011 -6.106 -0.158 -22.008 
1969 -0.088 -0.199  0.011 -6.153 -0.196 -23.255 
1970 -0.091 -0.199  0.010 -6.202 -0.217 -24.687 
1971 -0.093 -0.199  0.010 -6.252 -0.192 -25.132 
1972 -0.095 -0.199  0.010 -6.303 -0.177 -25.767 
1973 -0.096 -0.199  0.009 -6.355 -0.186 -26.384 
1974 -0.097 -0.199  0.009 -6.410 -0.202 -27.333 
1975 -0.098 -0.199  0.008 -6.464 -0.174 -26.612 
1976 -0.098 -0.199  0.008 -6.512 -0.034 -23.244 
1977 -0.098 -0.199  0.008 -6.553  0.042 -20.480 
1978 -0.099 -0.199  0.009 -6.592  0.041 -19.810 
1979 -0.099 -0.199  0.009 -6.633 -0.002 -20.418 
1980 -0.108 -0.181  0.008 -6.676 -0.054 -21.722 
1981 -0.121 -0.156  0.008 -6.723 -0.117 -23.552 
1982 -0.134 -0.130  0.008 -6.773 -0.183 -25.362 
1983 -0.147 -0.105  0.007 -6.826 -0.249 -26.599 
1984 -0.157 -0.084  0.007 -6.880 -0.322 -27.155 
1985 -0.166 -0.065  0.006 -6.935 -0.388 -27.375 
1986 -0.174 -0.051  0.005 -6.989 -0.462 -27.099 
1987 -0.180 -0.039  0.004 -7.042 -0.544 -26.445 
1988 -0.185 -0.029  0.003 -7.093 -0.616 -25.255 
1989 -0.188 -0.022  0.001 -7.139 -0.678 -23.963 
1990 -0.191 -0.017  0.000 -7.182 -0.762 -21.785 
1991 -0.193 -0.012 -0.001 -7.222 -0.814 -20.205 
1992 -0.195 -0.009 -0.002 -7.263 -0.834 -19.592 
1993 -0.196 -0.007 -0.004 -7.304 -0.823 -20.218 
1994 -0.197 -0.005 -0.006 -7.344 -0.797 -20.131 
1995 -0.198 -0.003 -0.007 -7.379 -0.743 -16.861 
1996 -0.198 -0.002 -0.009 -7.403 -0.647 -11.514 
1997 -0.198 -0.002 -0.010 -7.419 -0.583 -7.872 
1998 -0.199 -0.001 -0.011 -7.432 -0.548 -6.783 
1999 -0.199 -0.001 -0.012 -7.445 -0.529 -6.749 