31  0.000  0.000  0.000  0.000 
63  1.467  0.002  0.000  0.000 
95  0.050  0.003  0.001  0.000 
127  1.349  0.005  0.001  0.000 
159  0.013  0.005  0.001  0.000 
191  0.697  0.007  0.002  0.000 
223  0.017  0.007  0.002  0.000 
255  0.881  0.009  0.003  0.000 
287  0.158  0.010  0.003  0.000 
319  1.240  0.013  0.004  0.000 
351  0.035  0.013  0.004  0.000 
383  1.021  0.015  0.005  0.000 
415  0.015  0.016  0.005  0.000 
447  0.665  0.017  0.005  0.000 
479  0.034  0.018  0.006  0.000 
511  1.091  0.020  0.006  0.000 
543  0.096  0.021  0.007  0.000 
575  1.301  0.023  0.007  0.000 
607  0.008  0.023  0.007  0.000 
639  1.141  0.026  0.008  0.000 
671  0.057  0.025  0.008  0.000 
703  0.677  0.027  0.009  0.000 
735  0.019  0.027  0.009  0.000 
767  0.619  0.029  0.009  0.000 
799  0.099  0.030  0.010  0.000 
831  0.987  0.032  0.010  0.000 
863  0.044  0.032  0.010  0.000 
895  1.182  0.035  0.011  0.000 
927  0.067  0.034  0.011  0.000 
959  1.257  0.037  0.012  0.000 
991  0.077  0.036  0.012  0.000 
1023  1.189  0.039  0.013  0.000 
1055  0.079  0.038  0.012  0.000 
1087  0.882  0.040  0.013  0.000 
1119  0.068  0.040  0.013  0.000 
1151  0.633  0.042  0.014  0.000 
1183  0.079  0.041  0.013  0.000 
1215  0.569  0.043  0.014  0.000 
1247  0.037  0.043  0.014  0.000 
1279  0.640  0.045  0.015  0.000 
1311  0.025  0.045  0.015  0.000 
1343  0.948  0.047  0.015  0.000 
1375  0.020  0.047  0.015  0.000 
1407  1.024  0.050  0.016  0.000 
1439  0.096  0.049  0.016  0.000 
1471  1.044  0.051  0.017  0.000 
1503  0.173  0.050  0.016  0.000 
1535  1.010  0.053  0.017  0.000 
1567  0.150  0.052  0.017  0.000 
1599  1.013  0.054  0.018  0.000 
1631  0.171  0.053  0.017  0.000 
1663  0.968  0.055  0.018  0.000 
1695  0.125  0.055  0.018  0.000 
1727  0.990  0.057  0.019  0.000 
1759  0.176  0.056  0.018  0.000 
1791  0.043  0.056  0.018  0.000 
1823  0.045  0.057  0.019  0.000 
1855  0.061  0.058  0.019  0.000 
1887  0.016  0.058  0.019  0.000 
1919  0.040  0.058  0.019  0.000 
1951  0.017  0.059  0.019  0.000 
1983  0.042  0.059  0.019  0.000 
2015  0.014  0.059  0.019  0.000 
2047  0.039  0.060  0.020  0.000 
2079  0.013  0.060  0.020  0.000 
2111  0.035  0.061  0.020  0.000 
2143  0.007  0.061  0.020  0.000 
2175  0.006  0.061  0.020  0.000 
2207  0.021  0.061  0.020  0.000 
2239  0.004  0.061  0.020  0.000 
2271  0.022  0.062  0.020  0.000 
2303  0.024  0.062  0.020  0.000 
2335  0.007  0.062  0.020  0.000 
2367  0.011  0.063  0.021  0.000 
2399  0.029  0.063  0.021  0.000 
2431  0.013  0.063  0.021  0.000 
2463  0.031  0.064  0.021  0.000 
2495  0.036  0.064  0.021  0.000 
2527  0.014  0.064  0.021  0.000 
2559  0.025  0.065  0.021  0.000 
2591  0.013  0.065  0.021  0.000 
2623  0.074  0.066  0.022  0.000 
2655  0.008  0.066  0.022  0.000 
2687  0.027  0.066  0.022  0.000 
2719  0.008  0.066  0.022  0.000 
2751  0.113  0.067  0.022  0.000 
2783  0.017  0.068  0.022  0.000 
2815  0.109  0.069  0.023  0.000 
2847  0.010  0.069  0.023  0.000 
2879  0.060  0.069  0.023  0.000 
2911  0.001  0.070  0.023  0.000 
2943  0.026  0.070  0.023  0.000 
2975  0.006  0.070  0.023  0.000 
3007  0.036  0.071  0.023  0.000 
3039  0.009  0.071  0.023  0.000 
3071  0.027  0.071  0.023  0.000 
3103  0.002  0.071  0.023  0.000 
3135  0.041  0.072  0.024  0.000 
3167  0.013  0.072  0.024  0.000 
3199  0.016  0.072  0.024  0.000 
3231  0.143  0.071  0.023  0.000 
3263  0.032  0.071  0.023  0.000 
3295  0.036  0.072  0.024  0.000 
3327  0.003  0.072  0.024  0.000 
3359  0.006  0.072  0.024  0.000 
3391  0.011  0.072  0.024  0.000 
3423  0.008  0.072  0.024  0.000 
3455  0.030  0.073  0.024  0.000 
3487  0.015  0.073  0.024  0.000 
3519  0.025  0.073  0.024  0.000 
3551  0.030  0.073  0.024  0.000 
3583  0.044  0.074  0.024  0.000 
3615  0.028  0.074  0.024  0.000 
3647  0.032  0.075  0.025  0.000 
3679  0.009  0.075  0.025  0.000 
3711  0.432  0.077  0.025  0.000 
3743  0.000  0.077  0.025  0.000 
3775  0.052  0.077  0.025  0.000 
3807  0.225  0.077  0.025  0.000 
3839  0.426  0.078  0.026  0.000 
3871  0.058  0.078  0.026  0.000 
3903  0.582  0.080  0.026  0.000 
3935  0.097  0.079  0.026  0.000 
3967  0.525  0.081  0.027  0.000 
3999  0.057  0.080  0.026  0.000 
4031  0.528  0.082  0.027  0.000 
4063  0.066  0.082  0.027  0.000 
4095  0.637  0.083  0.027  0.000 
4127  0.097  0.083  0.027  0.000 
4159  0.603  0.084  0.028  0.000 
4191  0.106  0.084  0.028  0.000 
4223  0.660  0.086  0.028  0.000 
4255  0.115  0.085  0.028  0.000 
4287  0.598  0.087  0.029  0.000 
4319  0.124  0.086  0.028  0.000 
4351  0.625  0.088  0.029  0.000 
4383  0.107  0.087  0.029  0.000 
4415  0.629  0.089  0.029  0.000 
4447  0.132  0.088  0.029  0.000 
4479  0.627  0.090  0.030  0.000 
4511  0.117  0.090  0.030  0.000 
4543  0.578  0.091  0.030  0.000 
4575  0.145  0.091  0.030  0.000 
4607  0.575  0.092  0.030  0.000 
4639  0.170  0.091  0.030  0.000 
4671  0.570  0.093  0.031  0.000 
4703  0.159  0.092  0.030  0.000 
4735  0.582  0.094  0.031  0.000 
4767  0.127  0.093  0.031  0.000 
4799  0.624  0.095  0.031  0.000 
4831  0.131  0.095  0.031  0.000 
4863  0.502  0.096  0.032  0.000 
4895  0.139  0.095  0.031  0.000 
4927  0.605  0.097  0.032  0.000 
4959  0.163  0.096  0.032  0.000 
4991  0.618  0.098  0.032  0.000 
5023  0.155  0.098  0.032  0.000 
5055  0.528  0.099  0.033  0.000 
5087  0.176  0.098  0.032  0.000 
5119  0.467  0.100  0.033  0.000 
5151  0.105  0.100  0.033  0.000 
5183  0.420  0.101  0.033  0.000 
5215  0.166  0.100  0.033  0.000 
5247  0.469  0.102  0.034  0.000 
5279  0.123  0.101  0.033  0.000 
5311  0.453  0.103  0.034  0.000 
5343  0.044  0.103  0.034  0.000 
5375  0.007  0.104  0.034  0.000 
5407  0.001  0.104  0.034  0.000 
5439  0.017  0.104  0.034  0.000 
5471  0.000  0.104  0.034  0.000 
5503  0.015  0.104  0.034  0.000 
5535  0.004  0.104  0.034  0.000 
5567  0.011  0.104  0.034  0.000 
5599  0.002  0.104  0.034  0.000 
5631  0.027  0.105  0.035  0.000 
5663  1.055  0.102  0.034  0.000 
5695  1.577  0.105  0.035  0.000 
5727  0.006  0.105  0.035  0.000 
5759  0.001  0.105  0.035  0.000 
5791  0.005  0.105  0.035  0.000 
5823  0.000  0.105  0.035  0.000 
5855  0.028  0.106  0.035  0.000 
5887  0.001  0.106  0.035  0.000 
5919  0.000  0.106  0.035  0.000 
5951  0.011  0.106  0.035  0.000 
5983  0.031  0.105  0.035  0.000 
6015  0.408  0.106  0.035  0.000 
6047  0.153  0.106  0.035  0.000 
6079  0.388  0.107  0.035  0.000 
6111  0.287  0.106  0.035  0.000 
6143  0.344  0.107  0.035  0.000 
6175  0.196  0.107  0.035  0.000 
6207  0.312  0.108  0.036  0.000 
6239  0.191  0.107  0.035  0.000 
6271  0.470  0.109  0.036  0.000 
6303  0.908  0.111  0.037  0.000 
6335  0.003  0.111  0.037  0.000 
6367  0.000  0.111  0.037  0.000 
6399  0.002  0.111  0.037  0.000 
6431  0.078  0.110  0.036  0.000 
6463  0.030  0.111  0.037  0.000 
6495  0.000  0.111  0.037  0.000 
6527  0.015  0.111  0.037  0.000 
6559  0.004  0.111  0.037  0.000 
6591  0.023  0.112  0.037  0.000 
6623  0.000  0.112  0.037  0.000 
6655  0.046  0.112  0.037  0.000 
6687  0.005  0.112  0.037  0.000 
6719  0.035  0.113  0.037  0.000 
6751  0.008  0.113  0.037  0.000 
6783  0.009  0.113  0.037  0.000 
6815  0.005  0.114  0.038  0.000 
6847  0.009  0.114  0.038  0.000 
6879  0.007  0.114  0.038  0.000 
6911  0.064  0.115  0.038  0.000 
6943  0.022  0.115  0.038  0.000 
6975  0.239  0.116  0.038  0.000 
7007  0.007  0.117  0.039  0.000 
7039  0.045  0.117  0.039  0.000 
7071  0.008  0.117  0.039  0.000 
7103  0.052  0.118  0.039  0.000 
7135  0.006  0.118  0.039  0.000 
7167  0.039  0.119  0.039  0.000 
7199  0.010  0.119  0.039  0.000 
7231  0.027  0.120  0.040  0.000 
7263  0.005  0.120  0.040  0.000 
7295  0.028  0.120  0.040  0.000 
7327  0.024  0.121  0.040  0.000 
7359  0.013  0.121  0.040  0.000 
7391  0.000  0.121  0.040  0.000 
7423  0.001  0.121  0.040  0.000 
7455  0.001  0.121  0.040  0.000 
7487  0.016  0.121  0.040  0.000 
7519  0.001  0.121  0.040  0.000 
7551  0.008  0.121  0.040  0.000 
7583  0.001  0.122  0.040  0.000 
7615  0.132  0.123  0.041  0.000 
7647  0.010  0.123  0.041  0.000 
7679  0.081  0.124  0.041  0.000 
7711  0.033  0.124  0.041  0.000 
7743  0.078  0.125  0.041  0.000 
7775  0.011  0.125  0.041  0.000 
7807  0.023  0.126  0.042  0.000 
7839  0.010  0.126  0.042  0.000 
7871  0.032  0.126  0.042  0.000 
7903  0.018  0.127  0.042  0.000 
7935  0.008  0.127  0.042  0.000 
7967  0.000  0.127  0.042  0.000 
7999  0.022  0.127  0.042  0.000 
8031  0.001  0.127  0.042  0.000 
8063  0.029  0.128  0.042  0.000 
8095  0.007  0.128  0.042  0.000 
8127  0.029  0.129  0.043  0.000 
8159  0.011  0.129  0.043  0.000 
8191  0.137  0.130  0.043  0.000 
8223  0.011  0.130  0.043  0.000 
8255  0.025  0.131  0.043  0.000 
8287  0.011  0.131  0.043  0.000 
8319  0.049  0.131  0.044  0.000 
8351  0.011  0.132  0.044  0.000 
8383  0.047  0.132  0.044  0.000 
8415  0.009  0.133  0.044  0.000 
8447  0.012  0.133  0.044  0.000 
8479  0.010  0.133  0.044  0.000 
8511  0.010  0.133  0.044  0.000 
8543  0.004  0.133  0.044  0.000 
8575  0.008  0.134  0.044  0.000 
8607  0.004  0.134  0.044  0.000 
8639  0.027  0.134  0.044  0.000 
8671  0.010  0.134  0.044  0.000 
8703  0.012  0.135  0.045  0.000 
8735  0.002  0.135  0.045  0.000 
8767  0.008  0.135  0.045  0.000 
8799  0.000  0.135  0.045  0.000 
8831  0.022  0.135  0.045  0.000 
8863  0.001  0.135  0.045  0.000 
8895  0.020  0.136  0.045  0.000 
8927  0.000  0.136  0.045  0.000 
8959  0.008  0.136  0.045  0.000 
8991  0.000  0.136  0.045  0.000 
9023  0.000  0.136  0.045  0.000 
9055  0.000  0.136  0.045  0.000 
9087  0.014  0.136  0.045  0.000 
9119  0.003  0.136  0.045  0.000 
9151  0.018  0.136  0.045  0.000 
9183  0.000  0.137  0.045  0.000 
9215  0.014  0.137  0.045  0.000 
9247  0.001  0.137  0.045  0.000 
9279  0.016  0.137  0.045  0.000 
9311  0.002  0.137  0.045  0.000 
9343  0.012  0.137  0.045  0.000 
9375  0.001  0.137  0.045  0.000 
9407  0.004  0.137  0.045  0.000 
9439  0.000  0.137  0.045  0.000 
9471  0.004  0.138  0.046  0.000 
9503  0.000  0.138  0.046  0.000 
9535  0.019  0.138  0.046  0.000 
9567  0.000  0.138  0.046  0.000 
9599  0.012  0.138  0.046  0.000 
9631  0.000  0.138  0.046  0.000 
9663  0.010  0.138  0.046  0.000 
9695  0.001  0.139  0.046  0.000 
9727  0.001  0.139  0.046  0.000 
9759  0.001  0.138  0.046  0.000 
9791  0.003  0.139  0.046  0.000 
9823  0.000  0.139  0.046  0.000 
9855  0.010  0.139  0.046  0.000 
9887  0.001  0.139  0.046  0.000 
9919  0.011  0.139  0.046  0.000 
9951  0.000  0.139  0.046  0.000 
9983  0.000  0.139  0.046  0.000 
10015  0.000  0.139  0.046  0.000 
10047  0.011  0.140  0.046  0.000 
10079  0.000  0.140  0.046  0.000 
10111  0.010  0.140  0.046  0.000 
10143  0.003  0.140  0.046  0.000 
10175  0.022  0.140  0.046  0.000 
10207  0.000  0.140  0.046  0.000 
10239  0.029  0.141  0.047  0.000 
10271  0.011  0.140  0.046  0.000 
10303  0.514  0.142  0.047  0.000