0  0.000  0.000 -0.000  0.000  0.560
8  0.000  0.000 -0.000  0.000  0.103
16  0.000  0.915  0.314  0.000  0.019
24  0.000  0.915  0.804  0.000  0.003
32  0.000 -0.915  0.265  0.000  0.000
40  0.000 -0.915 -0.696  0.000  0.000
48  0.000  0.000 -0.560 -1.831 -0.629
56  0.000  0.000 -0.115 -1.831 -1.583
64  0.000  0.000 -0.021  0.000 -1.289
72  0.000  0.000 -0.003  0.000 -0.238
80  0.000 -0.915 -0.248  1.831  0.451
88  0.000 -0.915 -0.791  1.831  1.575
96  0.000  1.831 -0.148  0.000  1.287
104  0.000  1.831  1.464  0.000  0.238
112  0.000  0.000  1.266  0.000  0.044
120  0.000  0.000  0.234  0.000  0.008
128  0.000 -0.915 -0.204  0.000  0.001
136  0.000 -0.915 -0.783  0.000  0.000
144  0.000  0.915 -0.394  0.000  0.000
152  0.000  0.915  0.672  0.000  0.000
160  0.000 -0.915  0.374  0.000  0.000
168  0.000 -0.915 -0.676  0.000  0.000
176  0.000  0.000 -0.623 -1.831 -0.496
184  0.000  0.000 -0.115 -1.831 -1.583
192  0.000 -0.915 -0.269  1.831 -0.792
200  0.000 -0.915 -0.795  1.831  1.344
208  0.000  0.915 -0.397  0.000  1.244
216  0.000  0.915  0.672  0.000  0.230
224  0.000  0.915  0.870 -1.831 -0.453
232  0.000  0.915  0.907 -1.831 -1.575
240  0.000  0.000  0.665  1.831 -0.791
248  0.000  0.000  0.123  1.831  1.345
256  0.000  0.000  0.022 -1.831  0.748
264  0.000  0.000  0.004 -1.831 -1.353
272  0.000 -0.915 -0.247  0.915 -0.998
280  0.000 -0.915 -0.791  0.915  0.560
288  0.000  0.000 -0.644 -0.915  0.353
296  0.000  0.000 -0.119 -0.915 -0.680
304  0.000  0.000 -0.024  1.831 -0.345
312  0.000  0.000 -0.004  1.831  1.427
320  0.000  0.000 -0.000  0.000  1.408
328  0.000  0.000 -0.000  0.000  0.260
336  0.000  0.000 -0.000  0.000  0.048
344  0.000  0.000 -0.000  0.000  0.008
352  0.000  1.831  0.347  0.000  0.001
360  0.000  1.831  1.556  0.000  0.000
368  0.000 -0.915  1.258  0.000  0.000
376  0.000 -0.915 -0.512  0.000  0.000
384  0.000 -1.831 -1.014 -0.915 -0.173
392  0.000 -1.831 -1.679 -0.915 -0.778
400  0.000  0.915 -1.281 -0.915 -0.890
408  0.000  0.915  0.508 -0.915 -0.910
416  0.000  0.000  0.666  1.831 -0.392
424  0.000  0.000  0.123  1.831  1.418
432  0.000  0.000  0.022 -1.831  1.058
440  0.000  0.000  0.004 -1.831 -1.295
448  0.000  0.000  0.000  0.915 -1.209
456  0.000  0.000  0.000  0.915  0.521
464  0.000  1.831  0.347  0.000  0.668
472  0.000  1.831  1.556  0.000  0.123
480  0.000 -1.831  1.084  0.000  0.022
488  0.000 -1.831 -1.290  0.000  0.004
496  0.000  0.915 -1.209  0.915  0.174
504  0.000  0.915  0.521  0.915  0.778
512  0.000  0.000  0.668  0.000  0.716
520  0.000  0.000  0.123  0.000  0.132
528  0.000  0.000  0.022 -1.831 -0.323
536  0.000  0.000  0.004 -1.831 -1.551
544  0.000  0.000  0.000  0.000 -1.431
552  0.000  0.000  0.000  0.000 -0.265
560  0.000 -0.915 -0.091  1.831  0.128
568  0.000 -0.915 -0.762  1.831  1.515
576  0.000  0.000 -0.795  0.000  1.589
584  0.000  0.000 -0.147  0.000  0.294
592  0.000  0.000 -0.027  0.000  0.054
600  0.000  0.000 -0.005  0.000  0.010
608  0.000  0.915  0.090  0.000  0.001
616  0.000  0.915  0.762  0.000  0.000
624  0.000 -0.915  0.704  0.915  0.091
632  0.000 -0.915 -0.615  0.915  0.762
640  0.000  0.000 -0.768 -0.915  0.704
648  0.000  0.000 -0.142 -0.915 -0.615
656  0.000  0.915  0.065 -1.831 -0.951
664  0.000  0.915  0.757 -1.831 -1.668
672  0.000  0.000  0.794  1.831 -1.434
680  0.000  0.000  0.147  1.831  1.225
688  0.000 -0.915 -0.064  0.000  1.535
696  0.000 -0.915 -0.757  0.000  0.284
704  0.000 -0.915 -0.886 -1.831 -0.130
712  0.000 -0.915 -0.910 -1.831 -1.515
720  0.000  1.831 -0.639  0.000 -1.589
728  0.000  1.831  1.373  0.000 -0.294
736  0.000  0.915  1.654  1.831  0.128
744  0.000  0.915  1.052  1.831  1.515
752  0.000 -0.915  0.757  0.000  1.589
760  0.000 -0.915 -0.605  0.000  0.294
768  0.000  0.000 -0.766 -1.831 -0.128
776  0.000  0.000 -0.142 -1.831 -1.515
784  0.000  0.000 -0.026  1.831 -1.406
792  0.000  0.000 -0.004  1.831  1.231
800  0.000  0.000 -0.000 -1.831  1.353
808  0.000  0.000 -0.000 -1.831 -1.175
816  0.000  0.000 -0.000 -1.831 -1.709
824  0.000 -0.915 -0.745  1.831  1.174
832  0.000 -0.915 -0.884  1.831  1.709
840  0.000  0.000 -0.163 -1.831 -1.174
848  0.000  0.000 -0.030 -1.831 -1.709
856  0.000  0.000 -0.005  1.831  1.174
864  0.000  0.000 -0.001  1.831  1.709
872  0.000  0.000 -0.000  0.000  0.316
880  0.000  0.000 -0.000  0.000  0.058
888  0.000  0.915  0.745  0.000  0.010
896  0.000  0.915  0.884  0.000  0.002
904  0.000  0.000  0.163  0.000  0.000
912  0.000  0.000  0.030  0.000  0.000
920  0.000  0.000  0.005  0.000  0.000
928  0.000  0.000  0.001  0.000  0.000
936  0.000  0.000  0.000 -1.831 -1.491
944  0.000  0.000  0.000 -1.831 -1.768
952  0.000  0.000  0.000  1.831  1.164
960  0.000  0.000  0.000  1.831  1.707
968  0.000 -0.915 -0.745  0.000  0.316
976  0.000 -0.915 -0.884  0.000  0.058
984  0.000  0.915  0.582 -1.831 -1.480
992  0.000  0.915  0.853 -1.831 -1.766
1000  0.000  0.000  0.158  0.000 -0.327
1008  0.000  0.000  0.029  0.000 -0.060
1016  0.000 -0.915 -0.740  1.831  1.480
1024  0.000 -0.915 -0.883  1.831  1.766
1032  0.000  0.000 -0.163 -1.831 -1.164
1040  0.000  0.000 -0.030 -1.831 -1.707
1048  0.000  0.000 -0.005  1.831  1.175
1056  0.000  0.000 -0.001  1.831  1.696
1064  0.000  0.000 -0.000  0.000  0.351
1072  0.000  0.000 -0.000  0.000  0.065
1080  0.000  0.915  0.727 -1.831 -1.441
1088  0.000  0.915  0.880 -1.831 -1.758
1096  0.000 -0.915 -0.545  1.831  1.090
1104  0.000 -0.915 -0.846  1.831  1.693
1112  0.000 -0.915 -0.902  0.000  0.351
1120  0.000 -0.915 -0.913  0.000  0.065
1128  0.000  0.915  0.538 -1.831 -1.441
1136  0.000  0.915  0.845 -1.831 -1.758
1144  0.000  0.000  0.175  1.831  1.090
1152  0.000  0.000  0.032  1.831  1.693
1160  0.000  0.000  0.006  0.000  0.351
1168  0.000  0.000  0.001  0.000  0.065
1176  0.000  0.000  0.000 -1.831 -1.441
1184  0.000  0.000  0.000 -1.831 -1.758
1192  0.000  0.915  0.727  0.000 -0.363
1200  0.000  0.915  0.880  0.000 -0.067
1208  0.000 -0.915 -0.545  0.000 -0.012
1216  0.000 -0.915 -0.846  0.000 -0.002
1224  0.000  1.831  1.278  1.831  1.453
1232  0.000  1.831  1.728  1.831  1.761
1240  0.000 -0.915 -0.369 -1.831 -1.090
1248  0.000 -0.915 -0.814 -1.831 -1.693
1256  0.000  0.000 -0.169  1.831  1.102
1264  0.000  0.000 -0.031  1.831  1.696
1272  0.000  0.000 -0.005 -1.831 -1.102
1280  0.000  0.000 -0.001 -1.831 -1.695
1288  0.000  0.000 -0.000  1.831  1.102
1296  0.000  0.000 -0.000  1.831  1.695
1304  0.000  0.000 -0.000  0.000  0.351
1312  0.000  0.000 -0.000  0.000  0.072
1320  0.000 -0.915 -0.706 -1.831 -1.398
1328  0.000 -0.915 -0.876 -1.831 -1.750
1336  0.000  0.915  0.503  1.831  1.008
1344  0.000  0.915  0.839  1.831  1.678
1352  0.000  0.000  0.195 -1.831 -1.021
1360  0.000  0.000  0.036 -1.831 -1.681
1368  0.000 -0.915 -0.699  1.831  1.021
1376  0.000 -0.915 -0.875  1.831  1.680
1384  0.000  0.000 -0.202  0.000  0.391
1392  0.000  0.000 -0.037  0.000  0.072
1400  0.000  0.915  0.699 -1.831 -1.398
1408  0.000  0.915  0.875 -1.831 -1.750
1416  0.000  0.000  0.202  0.000 -0.404
1424  0.000  0.000  0.037  0.000 -0.074
1432  0.000  0.000  0.006  1.831  1.398
1440  0.000  0.000  0.001  1.831  1.750
1448  0.000 -1.831 -1.411  0.000  0.404
1456  0.000 -1.831 -1.753  0.000  0.074
1464  0.000  1.831  1.007  0.000  0.013
1472  0.000  1.831  1.678  0.000  0.002
1480  0.000  0.915  1.096  0.000  0.000
1488  0.000  0.915  0.949  0.000  0.000
1496  0.000 -1.831 -1.196 -1.831 -1.412
1504  0.000 -1.831 -1.713 -1.831 -1.753
1512  0.000  0.915  0.308  1.831  1.007
1520  0.000  0.915  0.803  1.831  1.678
1528  0.000 -0.915 -0.517  0.000  0.390
1536  0.000 -0.915 -0.841  0.000  0.072
1544  0.000  0.915  0.510  0.000  0.013
1552  0.000  0.915  0.840  0.000  0.002
1560  0.000 -0.915 -0.465 -1.831 -1.365
1568  0.000 -0.915 -0.832 -1.831 -1.744
1576  0.000  0.000 -0.217  0.000 -0.449
1584  0.000  0.000 -0.040  0.000 -0.083
1592  0.000  0.000 -0.007  0.000 -0.015
1600  60.000  0.000 -0.001  0.000 -0.002
1608  60.000  0.000 -0.000  23.437  13.347
1617  60.000  0.000 -0.000  23.437  21.923
1626  60.000  1.831  1.525  0.000  6.392
1634  60.000  11.718  6.366  6.167  4.962
1643  60.000  58.593  32.987  6.658  6.187
1652  60.000  73.242  83.172  73.242  33.103
1661  60.000  36.621  56.806  87.890  69.244
1670  60.000 -29.296 -20.652  58.593  76.314
1679  60.000  48.828  30.168  58.593  55.245
1688  60.000  117.187  79.243  146.484  112.154
1697  60.000  205.078  151.780  117.187  119.872
1707  60.000  87.890  152.720  58.593  77.513
1716  60.000  39.062  74.445 -23.437 -19.291
1725  60.000 -39.062 -5.357  39.062  30.179
1734  60.000  39.062  19.161 -23.437 -4.441
1743  60.000 -16.741 -0.955  19.531  22.628
1752  60.000  7.812 -5.927  117.187  68.609
1761  60.000  87.890  51.153  73.242  109.516
1770  60.000  146.484  120.755  146.484  113.944
1780  60.000  175.781  171.872  117.187  119.511
1790  60.000  58.593  98.872  73.242  80.370
1799  60.000 -39.062  4.514  58.593  63.883
1808  60.000  58.593  13.752  29.296  41.754
1817  60.000  29.296  27.732 -23.437 -10.871
1826  60.000 -23.437 -12.414  58.593  37.744
1835  60.000  29.296  2.420 -39.062  0.330
1844  60.000  146.484  104.435  29.296  20.854
1853  60.000  175.781  150.757  117.187  85.866
1862  60.000  175.781  169.270  117.187  109.620
1871  60.000  39.062  71.626  117.187  121.373
1880  60.000 -48.828  8.205  73.242  102.641
1889  60.000  11.718 -18.549  39.062  75.052
1898  60.000  87.890  51.001 -48.828  2.922
1907  60.000  117.187  103.400  48.828 -1.006
1916  60.000  58.593  103.930  23.437  25.038
1925  60.000  58.593  52.322  117.187  64.922
1934  60.000  73.242  68.451  73.242  98.214
1943  60.000  146.484  94.438  87.890  88.899
1952  60.000  58.593  78.358  58.593  91.908
1961  60.000  29.296  43.037  58.593  77.625
1970  60.000 -23.437 -12.146  29.296  54.934
1979  60.000  48.828  28.071 -39.062 -25.043
1988  60.000  117.187  100.728  29.296  27.612
1997  60.000  102.539  108.355 -5.580  22.417
2006  60.000  87.890  78.378  8.370 -12.377
2015  60.000 -39.062  11.761  146.484  71.309
2024  60.000  48.828  9.512  175.781  167.247
2033  60.000  58.593  41.690  87.890  104.498
2042  60.000  117.187  102.694  87.890  107.460
2051  60.000  117.187  117.080  102.539  104.006
2061  60.000  117.187  114.243  102.539  86.937
2070  60.000 -19.531  35.918  29.296  48.265
2079  60.000  14.648 -23.224  4.687  29.682
2088  60.000  36.621  27.515  73.242  51.017
2097  60.000  58.593  52.912  117.187  62.454
2106  60.000  29.296  32.841 -87.890  10.673
2115  60.000 -6.975  1.024  87.890  21.038
2124  60.000  29.296  2.422 -58.593 -9.391
2133  60.000  146.484  98.328  39.062  14.707
2142  60.000  146.484  171.459 -29.296  4.244
2151  60.000  146.484  169.032  11.718 -8.510
2160  60.000  39.062  66.744  146.484  59.896
2169  60.000 -58.593 -21.429  234.374  199.788
2178  60.000  58.593  14.316  146.484  201.813
2187  60.000  58.593  61.942  29.296  96.364
2196  60.000  23.437  37.502 -58.593 -31.165
2205  60.000 -23.437 -13.517  23.437  26.971
2214  60.000  39.062  13.279  23.437  23.967
2223  60.000  117.187  109.698 -39.062 -23.157
2232  60.000  205.078  197.093  58.593  12.771
2241  60.000  87.890  140.181  234.374  134.302
2250  60.000 -48.828  8.739  234.374  208.726
2259  60.000  39.062  22.354  117.187  147.126
2268  60.000  29.296  30.125 -58.593  18.756
2277  60.000 -48.828 -13.768  39.062  22.850
2286  60.000  58.593  11.741 -36.621 -0.615
2295  60.000  117.187  84.360  39.062  14.280
2304  60.000  117.187  149.467 -7.324  6.927
2313  60.000  146.484  170.794  19.531  11.544
2322  60.000 -16.741  55.562 -8.370  0.159
2331  60.000  19.531 -27.116  14.648  8.762
2340  60.000  43.945  40.710  146.484  107.365
2349  60.000  73.242  68.217  234.374  241.094
2358  60.000  87.890  91.007  117.187  188.652
2367  60.000  117.187  98.211  58.593  78.940
2376  60.000  146.484  111.871  73.242  96.795
2385  60.000  39.062  71.954  58.593  86.341
2394  60.000  39.062  45.906  39.062  71.170
2403  60.000  10.653 -8.385 -58.593  11.385
2412  60.000  16.741  23.450  39.062 -5.321
2421  60.000  58.593  29.044  87.890  60.576
2430  60.000  87.890  63.389  73.242  68.941
2439  60.000  102.539  103.287  102.539  72.189
2448  60.000  117.187  106.461 -14.648  60.969
2457  60.000  73.242  88.428  16.741 -30.618
2466  60.000  73.242  90.082  29.296  32.482
2475  60.000  23.437  35.816  117.187  74.773
2484  60.000  16.741  23.332  146.484  125.883
2493  60.000  16.741  17.730  117.187  117.263
2502  60.000  13.020  9.641  68.359  87.007
2511  60.000  5.580  11.099  23.437  44.260
2520  60.000  39.062  18.174 -20.926  4.928
2529  60.000  205.078  135.620  8.370 -15.859
2538  60.000  102.539  147.471  87.890  36.191
2547  60.000  73.242  89.948  87.890  92.291
2556  60.000  102.539  83.443  146.484  96.430
2565  60.000  73.242  73.347  73.242  92.350
2574  60.000  29.296  43.169  117.187  101.798
2583  60.000 -5.580  17.096  146.484  108.018
2592  60.000  5.580 -0.056  39.062  65.481
2601  60.000  117.187  85.435 -48.828  9.177
2610  60.000  117.187  126.316  58.593  10.346
2619  60.000  23.437  57.738  87.890  58.923
2628  60.000  29.296  44.683  58.593  65.314
2637  60.000 -8.370  16.181  58.593  0.856
2646  60.000  29.296  9.457 -11.268  42.941
2655  60.000  11.718  17.148  58.593 -12.747
2664  60.000  73.242  32.509  39.062  29.507
2673  60.000  234.374  154.572  205.078  139.463
2683  60.000  146.484  160.346  205.078  184.144
2693  60.000  29.296  56.987  39.062  98.566
2702  60.000 -29.296 -13.661  58.593  67.284
2711  60.000  23.437 -3.391 -29.296 -9.240
2720  60.000  39.062  21.239  39.062  27.236
2729  60.000  58.593  73.442 -36.621 -6.961
2738  60.000  73.242  84.289  39.062  14.758
2747  60.000  175.781  124.736  87.890  72.032
2756  60.000  146.484  139.171  146.484  147.073
2766  60.000 -20.926  44.218  117.187  145.330
2775  60.000  16.741 -15.451  58.593  83.003
2784  60.000  39.062  33.082  73.242  59.589
2793  60.000  117.187  72.733 -58.593  11.149
2802  60.000  36.621  55.440  48.828  14.910
2811  60.000  23.437  36.581 -39.062  5.026
2820  60.000  23.437  25.410  29.296  12.761
2829  60.000  0.915  9.937 -29.296  13.003
2838  60.000  39.062  18.492  39.062 -7.060
2847  60.000  175.781  133.232  117.187  70.138
2856  60.000  117.187  179.552  263.671  201.061
2865  60.000  36.621  92.315  146.484  179.224
2874  60.000  16.741  55.336  39.062  87.435
2883  60.000 -19.531 -12.221  29.296 -8.763
2892  60.000  29.296  24.713  29.296  30.985
2901  60.000  29.296  28.608 -29.296 -17.847
2910  60.000  1.831  13.550  36.621  26.492
2919  60.000  87.890  81.694  146.484  84.106
2928  60.000  175.781  136.294  146.484  153.985
2938  60.000  117.187  146.258  117.187  139.101
2948  60.000  58.593  60.483  29.296  60.157
2957  60.000 -14.648  26.253  58.593  61.331
2966  60.000  9.014 -10.060 -48.828 -5.764
2975  60.000  58.593  28.757  39.062  11.626
2984  60.000  102.539  108.090 -39.062 -7.958
2993  60.000  117.187  97.761  39.062  9.372
3002  60.000  102.539  76.807  102.539  63.768
3011  60.000  117.187  100.724  205.078  158.506
3021  60.000  73.242  71.643  117.187  155.604
3030  60.000 -39.062  24.571  58.593  90.935
3039  60.000  36.621 -2.290  58.593  73.606
3048  60.000  117.187  59.753  23.437 -11.868
3057  60.000  117.187  109.901 -16.276  26.499
3066  60.000  58.593  93.057  58.593  8.366
3075  60.000  39.062  68.410 -14.648  14.099
3084  60.000 -39.062 -0.452  29.296  3.100
3093  60.000  39.062  23.357  23.437  20.148
3102  60.000  73.242  46.236  205.078  100.629
3111  60.000  146.484  115.665  234.374  191.284
3120  60.000  117.187  115.794  146.484  163.159
3129  60.000  87.890  107.709  87.890  93.013
3138  60.000 -10.653  47.020 -39.062  2.455
3147  60.000 -58.593 -40.288  39.062  23.903
3156  60.000  48.828  33.977 -23.437 -15.872
3165  60.000  23.437  44.711  36.621  26.973
3174  60.000 -23.437 -7.640  14.648 -3.224
3183  60.000  11.718 -0.537  23.437  19.879
3192  60.000  73.242  34.794 -8.616 -0.097
3201  60.000  117.187  122.756  39.062  18.680
3210  60.000  146.484  173.560  234.374  156.832
3220  60.000  58.593  112.552  205.078  231.798
3229  60.000 -48.828  7.822  73.242  138.831
3238  60.000  11.718 -34.578 -73.242 -15.238
3247  60.000  87.890  56.803  73.242  28.729
3256  60.000  29.296  53.852  58.593  53.657
3265  60.000  73.242  69.191  117.187  107.281
3274  60.000  234.374  130.704  146.484  142.269
3284  60.000  117.187  139.963  23.437  87.806
3293  60.000 -58.593  33.441 -58.593 -21.858
3302  60.000  13.316 -25.292  58.593  23.441
3311  60.000  48.828  34.859  73.242  36.944
3320  60.000  73.242  74.197  117.187  90.904
3329  60.000  39.062  54.239 -29.296  38.649
3338  60.000 -23.437  6.727 -58.593 -43.721
3347  60.000  39.062  12.738  19.531  25.068
3356  60.000  117.187  88.478  58.593  27.283
3365  60.000  234.374  178.679  205.078  150.584
3374  60.000  58.593  125.396  234.374  190.059
3383  60.000 -73.242 -7.555  48.828  97.557
3392  60.000  117.187  26.382  73.242  61.851
3401  60.000  58.593  44.344 -117.187  7.215
3410  100.000  48.828  58.114  73.242  22.116
3419  100.000  117.187  89.792 -8.370  24.234
3428  100.000  117.187  116.664  48.828 -4.214
3437  100.000  117.187  132.472  175.781  94.135
3447  100.000  58.593  80.135  175.781  208.354
3456  100.000 -8.370  41.573  146.484  183.041
3465  100.000  8.370 -13.725  73.242  113.483
3474  100.000  205.078  106.501  87.890  93.617
3483  100.000  234.374  193.313  102.539  90.588
3493  100.000  117.187  163.470  117.187  122.001
3503  100.000  117.187  128.532  58.593  86.722
3512  100.000  48.828  88.774  87.890  106.630
3521  100.000  19.531  32.229  58.593  67.394
3530  100.000  117.187  58.857  146.484  90.877
3539  100.000  102.539  109.855  117.187  128.932
3549  100.000  117.187  140.846  117.187  139.997
3559  100.000  117.187  138.041  73.242  102.654
3569  100.000  29.296  81.229 -58.593  6.051
3578  100.000  58.593  36.902  39.062  26.773
3587  100.000  73.242  69.532 -11.718  15.793
3596  100.000  205.078  131.013 -19.531 -13.614
3605  100.000  146.484  161.735  234.374  98.651
3614  100.000  87.890  110.571  322.265  274.355
3623  100.000  39.062  56.467  175.781  233.229
3632  100.000 -23.437 -6.131  175.781  175.585
3641  100.000  39.062  31.094  117.187  135.554
3650  100.000  175.781  108.816  48.828  65.236
3659  100.000  175.781  210.781  58.593  50.727
3668  100.000  146.484  178.321  73.242  78.153
3677  100.000  48.828  78.122 -58.593 -27.753
3686  100.000  102.539  87.817  87.890  46.304
3695  100.000  205.078  140.492  205.078  161.561
3705  100.000  102.539  114.573  175.781  197.457
3715  100.000  36.621  52.553  73.242  129.128
3724  100.000  87.890  59.666  58.593  73.242
3733  100.000  117.187  87.486  117.187  110.249
3743  100.000  146.484  120.696  146.484  121.547
3753  100.000  146.484  151.048  87.890  102.978
3763  100.000  87.890  87.902  48.828  60.121
3772  100.000  117.187  88.442  73.242  77.903
3781  100.000  73.242  93.627  29.296  36.592
3790  100.000  87.890  103.487  117.187  71.743
3799  100.000  175.781  128.006  175.781  165.417
3809  100.000  73.242  97.095  117.187  159.168
3818  100.000  58.593  90.416  73.242  128.814
3827  100.000  117.187  102.196 -73.242 -10.409
3836  100.000  117.187  102.758  73.242  48.400
3845  100.000  39.062  57.171  117.187  91.086
3854  100.000  117.187  89.455  175.781  165.832
3863  100.000  175.781  132.141  117.187  164.517
3872  100.000  117.187  132.120  73.242  123.768
3881  100.000  48.828  78.900 -73.242 -25.272
3890  100.000 -8.370  32.350  58.593  42.097
3899  100.000  9.765 -3.181  234.374  142.031
3908  100.000  117.187  55.434  205.078  192.466
3917  100.000  263.671  176.618  117.187  148.458
3927  100.000  175.781  221.274  19.531  78.919
3936  100.000  87.890  137.707  36.621  33.349
3945  100.000  73.242  85.914  146.484  85.205
3954  100.000  146.484  135.789  175.781  155.592
3964  100.000  73.242  123.212  146.484  144.191
3974  100.000  73.242  74.966  87.890  89.089
3983  100.000  39.062  45.541 -39.062  12.510
3992  100.000 -29.296 -16.373  39.062  20.796
4001  100.000  117.187  46.591  14.648  19.327
4010  100.000  175.781  140.507  234.374  124.084
4020  100.000  205.078  213.803  234.374  231.367
4030  100.000  87.890  128.970  117.187  154.917
4040  100.000  87.890  84.085  117.187  127.454
4049  100.000  117.187  96.266  117.187  112.478
4059  100.000  117.187  126.969  102.539  79.917
4069  100.000  87.890  81.466  73.242  64.392
4078  100.000  29.296  42.412  146.484  109.135
4087  100.000 -23.437 -8.460  117.187  92.119
4096  100.000  175.781  83.953  87.890  105.425
4105  100.000  146.484  182.425  146.484  135.010
4114  100.000  146.484  180.164  87.890  114.943
4123  100.000  102.539  130.764  39.062  70.162
4132  100.000  87.890  113.728  73.242  91.594
4141  100.000  23.437  49.905  58.593  61.290
4150  100.000  58.593  61.769  117.187  104.092
4159  100.000  146.484  91.513  146.484  138.237
4168  100.000  146.484  135.607  117.187  135.523
4178  100.000  146.484  132.539  73.242  95.282
4187  100.000  73.242  108.835 -48.828 -4.432
4196  100.000  29.296  43.540  58.593  28.312
4205  100.000 -5.095  10.366  29.296  29.637
4214  100.000  146.484  84.041 -5.326  3.525
4223  100.000  205.078  166.142  117.187  57.093
4233  100.000  146.484  179.039  351.562  263.918
4243  100.000  58.593  94.811  205.078  233.368
4252  100.000 -29.296 -13.035  175.781  178.335
4261  100.000  58.593  30.120  146.484  135.061
4270  100.000  146.484  121.702  73.242  71.581
4279  100.000  234.374  216.468  73.242  54.826
4288  100.000  102.539  161.700  58.593  69.093
4297  100.000  19.531  63.895 -39.062 -26.113
4306  100.000  19.531  26.190  58.593  44.028
4315  100.000  117.187  68.903  205.078  154.392
4324  100.000  234.374  180.761  175.781  206.049
4333  100.000  102.539  162.114  117.187  149.297
4343  100.000  39.062  80.094  73.242  79.990
4352  100.000  39.062  51.743  102.539  107.398
4361  100.000  39.062  40.965  117.187  117.087
4370  100.000  23.437  22.511  87.890  112.512
4379  100.000  175.781  93.928  58.593  74.284
4388  100.000  205.078  205.048  58.593  81.873
4397  100.000  146.484  172.207 -58.593  10.701
4406  100.000  58.593  107.179  73.242  26.044
4415  100.000  58.593  84.077  175.781  108.209
4424  100.000  175.781  104.728  234.374  196.517
4434  100.000  58.593  103.666  205.078  181.718
4444  100.000  87.890  94.331  36.621  73.309
4453  100.000  117.187  104.694  39.062  42.551
4462  100.000  87.890  102.430  146.484  103.605
4472  100.000  36.621  51.114  175.781  162.981
4481  100.000  146.484  105.615  102.539  137.585
4491  100.000  146.484  141.563  29.296  89.315
4500  100.000  73.242  125.201  23.437 -24.696
4509  100.000  23.437  68.649  29.296  42.397
4518  100.000 -23.437 -2.100  205.078  119.228
4527  100.000  29.296 -1.968  234.374  196.961
4536  100.000  175.781  117.277  117.187  158.053
4546  100.000  234.374  222.308  29.296  81.917
4555  100.000  131.835  182.901  39.062  42.668
4564  100.000  58.593  102.162  146.484  79.511
4573  100.000  117.187  97.281  175.781  148.552
4582  100.000  117.187  131.183  87.890  142.872
4591  100.000  58.593  98.493  73.242  79.178
4600  100.000  58.593  70.980 -14.648  61.337
4609  100.000 -10.653  24.100  18.310 -14.133
4618  100.000  29.296 -0.376  29.296  28.252
4627  100.000  117.187  59.725  175.781  124.050
4636  100.000  205.078  160.349  263.671  223.439
4646  100.000  205.078  211.016  117.187  167.063
4656  100.000  102.539  126.885  117.187  117.402
4665  100.000  117.187  97.316  87.890  117.402
4674  100.000  117.187  103.640  73.242  85.030
4683  100.000  117.187  120.454  58.593  73.538
4692  100.000  73.242  78.271  102.539  76.517
4701  100.000  39.062  48.419  58.593  93.152
4710  100.000 -16.741  2.760  146.484  88.610
4719  100.000  146.484  51.480  146.484  118.670
4729  100.000  234.374  182.881  117.187  125.134
4739  100.000  175.781  178.968  58.593  84.829
4748  100.000  117.187  129.106  117.187  104.489
4758  100.000  117.187  113.563  48.828  64.770
4767  100.000  24.414  46.294  146.484  89.774
4776  100.000  58.593  63.515  146.484  132.907
4785  100.000  146.484  96.299  117.187  143.761
4795  100.000  146.484  139.400  102.539  104.064
4805  100.000  146.484  140.329 -58.593 -0.126
4814  100.000  58.593  92.354  58.593  17.246
4823  100.000  23.437  34.367  87.890  56.569
4832  100.000  2.746  19.470  234.374  177.863
4841  100.000  175.781  106.973  205.078  206.096
4851  100.000  146.484  176.561  87.890  120.897
4860  100.000  117.187  160.775  58.593  70.346
4869  100.000  39.062  84.681  146.484  113.004
4878  100.000 -39.062 -7.279  117.187  121.987
4887  100.000  48.828  35.230  58.593  80.231
4896  100.000  146.484  102.633  87.890  67.932
4905  100.000  234.374  205.608  58.593  71.715
4914  100.000  146.484  179.588 -23.437 -25.025
4923  100.000  29.296  79.271  73.242  46.021
4932  100.000 -29.296 -3.078  234.374  152.395
4941  100.000  29.296 -3.180  205.078  206.842
4950  100.000  117.187  108.605  117.187  149.741
4960  100.000  205.078  224.452  73.242  76.854
4969  100.000  117.187  170.013  117.187  111.281
4979  100.000  117.187  110.605  117.187  122.927
4989  100.000  146.484  120.520  73.242  107.501
4999  100.000  58.593  105.189  58.593  63.765
5008  100.000 -29.296  15.231  39.062  68.445
5017  100.000  39.062 -0.094 -29.296  17.427
5026  100.000  146.484  105.164  58.593 -0.278
5035  100.000  146.484  161.346  205.078  104.147
5045  100.000  117.187  157.664  234.374  219.215
5055  100.000  73.242  109.405  146.484  194.436
5065  100.000  73.242  81.290  58.593  95.973
5074  100.000  117.187  101.179  87.890  103.869
5083  100.000  58.593  94.581  87.890  118.858
5092  100.000  102.539  69.158  73.242  98.134
5101  100.000  117.187  110.973  73.242  94.204
5110  100.000  146.484  139.902  58.593  85.294
5119  100.000  58.593  113.685 -39.062 -22.045
5128  100.000  29.296  60.911  29.296  37.657
5137  100.000 -29.296  2.114  146.484  89.289
5146  100.000  39.062  4.917  263.671  195.595
5155  100.000  146.484  113.942  146.484  179.028
5164  100.000  263.671  212.020  48.828  104.623
5173  100.000  175.781  189.518  36.621  52.910
5182  100.000  58.593  104.199  175.781  78.165
5191  100.000  117.187  81.576  205.078  151.758
5201  100.000  146.484  144.336  102.539  132.979
5211  100.000  73.242  98.284  87.890  91.903
5220  100.000  39.062  58.549 -73.242  24.356
5229  100.000 -24.414 -8.400  48.828  30.931
5238  100.000  48.828  29.174 -9.765  16.980
5247  100.000  205.078  112.493  36.621  7.579
5256  200.000  263.671  202.163  175.781  100.796
5266  200.000  146.484  173.840  292.968  273.631
5276  200.000  205.078  144.535  263.671  265.101
5286  200.000  234.374  205.613  205.078  221.719
5296  200.000  205.078  198.587  117.187  174.478
5306  200.000  205.078  198.436  175.781  187.306
5316  200.000  234.374  199.536  234.374  208.797
5325  200.000  205.078  204.206  205.078  186.826
5334  200.000  234.374  195.524  205.078  202.281
5344  200.000  234.374  214.269  205.078  209.802
5354  200.000  146.484  183.045  117.187  183.338
5364  200.000  234.374  205.709  234.374  214.260
5373  200.000  205.078  205.492  146.484  176.373
5383  200.000  205.078  169.989  234.374  206.658
5393  200.000  234.374  228.009  205.078  211.468
5403  200.000  175.781  174.973  175.781  192.187
5412  200.000  263.671  216.761  205.078  212.467
5421  200.000  175.781  211.675  146.484  184.293
5431  200.000  205.078  179.750  205.078  198.363
5441  200.000  234.374  215.058  234.374  210.071
5451  200.000  205.078  196.698  146.484  193.598
5461  200.000  234.374  203.657  234.374  209.599
5471  200.000  205.078  206.288  175.781  193.193
5481  200.000  205.078  194.412  205.078  195.521
5491  200.000  205.078  200.964  175.781  216.806
5501  200.000  175.781  199.199  234.374  184.082
5511  200.000  234.374  188.394  263.671  214.553
5521  200.000  234.374  228.870  175.781  201.532
5531  200.000  146.484  172.760  146.484  189.464
5541  200.000  263.671  227.598  205.078  209.992
5551  200.000  205.078  189.093  175.781  175.955
5561  200.000  263.671  209.230  234.374  216.802
5571  200.000  175.781  205.542  146.484  194.420
5580  200.000  205.078  184.348  146.484  194.579
5590  200.000  205.078  208.280  205.078  202.561
5600  200.000  205.078  191.574  205.078  188.804
5610  200.000  263.671  214.064  234.374  213.868
5619  200.000  205.078  202.141  234.374  217.462
5628  200.000  205.078  201.102  205.078  191.031
5638  200.000  205.078  197.062  175.781  209.991
5648  200.000  234.374  213.158  175.781  177.378
5658  200.000  175.781  172.529  263.671  203.429
5667  200.000  263.671  218.507  234.374  217.407
5677  200.000  146.484  185.053  205.078  183.867
5687  200.000  234.374  195.944  234.374  213.624
5697  200.000  175.781  217.335  175.781  188.119
5707  200.000  175.781  176.177  234.374  209.783
5717  200.000  263.671  223.298  205.078  206.965
5727  200.000  175.781  183.436  205.078  190.536
5737  200.000  234.374  209.749  175.781  208.256
5747  200.000  205.078  201.029  175.781  188.309
5757  200.000  234.374  192.087  205.078  200.855
5767  200.000  205.078  201.116  234.374  212.315
5777  200.000  205.078  204.931  234.374  188.675
5787  200.000  205.078  194.624  234.374  217.546
5797  200.000  234.374  214.842  175.781  194.443
5807  200.000  175.781  177.728  205.078  188.246
5817  200.000  263.671  209.867  205.078  210.640
5826  200.000  205.078  212.072  205.078  175.767
5835  200.000  205.078  181.749  234.374  205.905
5845  200.000  234.374  223.229  205.078  211.060
5855  200.000  175.781  174.580  205.078  194.675
5865  200.000  263.671  221.395  234.374  210.250
5874  200.000  146.484  193.006  175.781  178.767
5884  200.000  175.781  193.392  205.078  205.897
5894  200.000  146.484  201.189  234.374  212.027
5904  200.000  146.484  194.893  205.078  197.376
5913  200.000  175.781  207.003  234.374  214.742
5922  200.000  175.781  195.510  146.484  195.045
5932  200.000  175.781  181.582  205.078  191.952
5942  200.000  234.374  205.447  234.374  213.677
5952  200.000  205.078  207.370  175.781  183.556
5962  200.000  205.078  191.250  205.078  211.575
5972  200.000  205.078  220.018  146.484  190.149
5982  200.000  146.484  167.820  234.374  195.609
5992  200.000  263.671  224.220  175.781  210.550
6002  200.000  175.781  186.366  175.781  184.274
6012  200.000  263.671  201.822  205.078  214.823
6022  200.000  205.078  215.217  175.781  184.716
6032  200.000  175.781  181.088  205.078  197.956
6042  200.000  205.078  213.646  205.078  205.713
6052  200.000  205.078  194.975  175.781  196.395
6062  200.000  234.374  201.076  205.078  211.310
6072  200.000  234.374  208.125  117.187  194.753
6081  200.000  175.781  198.825  175.781  189.410
6091  200.000  205.078  196.183  234.374  218.846
6101  200.000  175.781  208.650  175.781  177.392
6111  200.000  175.781  172.293  234.374  208.908
6120  200.000  205.078  222.255  146.484  208.413
6129  200.000  146.484  191.609  146.484  180.453
6139  200.000  234.374  207.301  234.374  219.083
6149  200.000  175.781  209.642  146.484  181.166
6159  200.000  175.781  177.457  234.374  208.485
6168  200.000  234.374  225.024  175.781  210.623
6178  200.000  234.374  192.375  234.374  191.354
6188  200.000  234.374  216.044  205.078  208.327
6198  200.000  175.781  196.577  175.781  195.757
6208  200.000  205.078  197.676  175.781  196.470
6218  200.000  234.374  197.874  263.671  207.849
6228  200.000  205.078  201.858  175.781  190.658
6238  200.000  205.078  196.750  234.374  215.311
6248  200.000  205.078  213.059  117.187  188.083
6258  200.000  175.781  177.972  234.374  194.747
6268  200.000  234.374  215.672  205.078  216.822
6278  200.000  175.781  189.147  175.781  180.674
6288  200.000  263.671  200.377  175.781  213.489
6298  200.000  175.781  218.882  146.484  184.259
6308  200.000  175.781  172.025  234.374  203.004
6318  200.000  263.671  221.694  205.078  205.772
6327  200.000  175.781  190.716  205.078  186.802
6336  200.000  205.078  188.704  234.374  211.193
6346  200.000  205.078  209.008  146.484  203.823
6356  200.000  205.078  197.638  234.374  198.080
6366  200.000  175.781  203.699  205.078  210.179
6375  200.000  205.078  201.787  175.781  180.605
6385  200.000  175.781  186.999  205.078  200.322
6395  200.000  234.374  206.319  234.374  219.613
6405  200.000  175.781  192.998  175.781  183.091
6414  200.000  175.781  187.339  234.374  215.460
6423  200.000  234.374  230.185  175.781  200.917
6433  200.000  175.781  177.726  205.078  194.575
6443  200.000  263.671  223.412  146.484  206.901
6453  200.000  175.781  188.886  175.781  178.808
6463  200.000  263.671  205.334  263.671  217.576
6473  200.000  146.484  202.744  146.484  191.514
6483  200.000  175.781  185.304  205.078  196.250
6493  200.000  234.374  213.295  234.374  204.475
6503  200.000  205.078  192.911  205.078  193.405
6513  200.000  205.078  203.475  175.781  210.496
6523  200.000  205.078  204.481  146.484  194.971
6533  200.000  205.078  192.869  205.078  194.538
6543  200.000  205.078  202.806  205.078  213.416
6553  200.000  146.484  201.387  205.078  182.126
6563  200.000  175.781  189.856  263.671  217.202
6573  200.000  205.078  223.353  175.781  196.692
6582  200.000  146.484  173.180  205.078  188.349
6592  200.000  234.374  217.869  146.484  207.087
6602  200.000  205.078  197.256  234.374  186.598
6612  200.000  263.671  185.275  234.374  218.323
6621  200.000  205.078  219.833  175.781  199.070
6630  200.000  146.484  180.015  205.078  194.202
6640  200.000  205.078  214.014  146.484  206.015
6650  200.000  117.187  199.598  205.078  185.747
6660  200.000  175.781  186.147  234.374  210.732
6669  200.000  234.374  204.392  234.374  217.366
6679  200.000  205.078  206.240  146.484  179.667
6689  200.000  234.374  199.735  234.374  216.709
6699  200.000  263.671  217.543  175.781  192.538
6709  200.000  117.187  173.353  205.078  192.658
6719  200.000  205.078  213.701  205.078  212.686
6729  200.000  117.187  197.580  205.078  183.661
6739  200.000  175.781  198.442  263.671  222.124
6749  200.000  205.078  214.589  146.484  183.196
6759  200.000  175.781  171.633  205.078  198.923
6769  200.000  234.374  221.092  205.078  210.105
6779  200.000  175.781  185.922  146.484  186.725
6789  200.000  205.078  211.355  234.374  211.095
6799  200.000  175.781  194.665  175.781  194.157
6809  200.000  234.374  197.754  205.078  202.193
6819  200.000  234.374  202.060  146.484  202.516
6828  200.000  175.781  202.047  175.781  180.220
6837  200.000  234.374  194.509  234.374  203.645
6847  200.000  263.671  212.781  205.078  208.543
6857  200.000  146.484  184.477  205.078  188.824
6867  200.000  205.078  205.432  175.781  211.613
6876  200.000  205.078  210.609  117.187  175.098
6886  200.000  175.781  170.023  263.671  207.065
6896  200.000  234.374  231.675  234.374  214.158
6906  200.000  205.078  179.765  205.078  196.349
6915  200.000  175.781  206.946  146.484  211.189
6924  200.000  234.374  218.089  117.187  178.701
6934  200.000  205.078  180.824  234.374  195.097
6944  200.000  205.078  216.102  234.374  210.207
6954  200.000  205.078  195.795  234.374  201.410
6964  200.000  263.671  203.006  175.781  206.409
6974  200.000  205.078  208.452  175.781  195.081
6984  200.000  205.078  195.746  205.078  196.710
6994  200.000  175.781  200.101  175.781  215.616
7004  200.000  117.187  197.810  234.374  183.015
7014  200.000  175.781  176.940  263.671  218.166
7024  200.000  175.781  227.942  205.078  202.994
7034  200.000  117.187  171.349  175.781  188.922
7044  200.000  175.781  216.626  205.078  211.304
7054  200.000  117.187  182.944  205.078  177.210
7064  200.000  205.078  200.276  234.374  218.438
7074  200.000  205.078  212.457  117.187  194.902
7083  200.000  175.781  188.753  175.781  197.592
7093  200.000  205.078  210.194  205.078  204.061
7103  200.000  175.781  193.172  234.374  193.447
7113  200.000  214.843  217.011  234.374  211.018
7122  200.000  146.484  194.112  175.781  210.836
7131  200.000  205.078  196.896  205.078  191.039
7141  200.000  205.078  194.354  234.374  210.977
7151  200.000  234.374  217.445  161.132  174.176
7161  200.000  146.484  175.218  234.374  205.915
7170  200.000  263.671  214.396  234.374  219.969
7180  200.000  205.078  194.632  146.484  179.720
7190  200.000  263.671  197.321  205.078  214.462
7200  200.000  205.078  223.382  146.484  183.995
7210  200.000  175.781  173.334  234.374  207.911
7220  500.000  263.671  223.328  205.078  202.153
7230  500.000  234.374  223.571  292.968  224.883
7240  500.000  498.046  373.734  410.156  365.210
7250  500.000  556.640  485.098  498.046  484.736
7260  500.000  556.640  522.241  527.343  518.717
7270  500.000  527.343  514.777  498.046  514.298
7280  500.000  527.343  507.329  498.046  503.184
7290  500.000  498.046  500.657  498.046  490.096
7300  500.000  410.156  491.625  498.046  501.501
7310  500.000  410.156  495.680  468.749  508.067
7320  500.000  527.343  509.547  527.343  515.717
7329  500.000  556.640  505.213  410.156  495.035
7338  500.000  527.343  500.747  380.859  486.970
7348  500.000  527.343  499.965  498.046  492.331
7358  500.000  527.343  498.357  498.046  499.987
7368  500.000  527.343  499.664  527.343  512.750
7377  500.000  556.640  506.153  527.343  511.998
7387  500.000  527.343  499.356  556.640  501.927
7397  500.000  585.937  508.110  527.343  499.461
7407  500.000  556.640  507.439  527.343  501.479
7416  500.000  527.343  491.690  556.640  500.722
7425  500.000  351.562  486.080  498.046  504.036
7435  500.000  498.046  491.445  527.343  509.579
7445  500.000  498.046  496.641  498.046  494.311
7455  500.000  498.046  495.743  527.343  491.419
7465  500.000  498.046  495.442  498.046  491.707
7475  500.000  498.046  492.265  527.343  500.764
7485  500.000  498.046  495.650  527.343  500.249
7495  500.000  527.343  494.757  498.046  498.381
7505  500.000  468.749  492.604  527.343  506.957
7515  500.000  527.343  495.077  498.046  497.442
7525  500.000  498.046  492.716  527.343  491.152
7535  500.000  498.046  485.467  498.046  494.614
7545  500.000  527.343  492.760  527.343  508.942
7555  500.000  498.046  493.864  380.859  492.141
7565  500.000  498.046  494.642  498.046  494.165
7575  500.000  498.046  496.924  468.749  486.097
7584  500.000  527.343  511.902  527.343  493.121
7594  500.000  527.343  505.328  527.343  502.485
7604  500.000  556.640  510.662  410.156  498.835
7614  500.000  527.343  504.701  527.343  503.812
7623  500.000  527.343  500.345  527.343  502.666
7632  500.000  380.859  497.204  468.749  497.341
7642  500.000  351.562  498.659  498.046  494.952
7652  500.000  498.046  493.101  498.046  497.697
7662  500.000  498.046  490.095  498.046  493.066
7671  500.000  556.640  508.342  468.749  505.166
7681  500.000  556.640  510.545  498.046  504.767
7691  500.000  527.343  511.828  468.749  499.634
7701  500.000  527.343  517.025  351.562  485.925
7711  500.000  527.343  509.627  498.046  495.021
7721  500.000  556.640  509.048  527.343  503.333
7731  500.000  556.640  508.250  468.749  513.640
7741  500.000  556.640  508.874  380.859  504.541
7751  500.000  527.343  508.043  498.046  503.252
7761  500.000  556.640  513.917  468.749  497.133
7771  500.000  527.343  508.409  527.343  503.000
7781  500.000  527.343  502.342  498.046  496.039
7791  500.000  527.343  506.952  498.046  508.273
7801  500.000  556.640  511.362  498.046  507.194
7811  500.000  527.343  513.240  498.046  501.951
7821  500.000  556.640  514.305  498.046  497.971
7830  500.000  556.640  501.280  410.156  491.750
7839  500.000  556.640  505.956  380.859  491.583
7849  500.000  527.343  507.325  498.046  503.008
7859  500.000  498.046  501.955  527.343  510.180
7869  500.000  498.046  502.007  498.046  508.703
7878  500.000  527.343  500.711  527.343  504.118
7888  500.000  527.343  499.733  527.343  506.010
7898  500.000  556.640  496.317  527.343  496.600
7908  500.000  556.640  500.468  527.343  507.910
7917  500.000  527.343  494.132  527.343  508.382
7926  500.000  468.749  501.588  498.046  497.308
7936  500.000  498.046  504.849  498.046  491.827
7946  500.000  498.046  505.095  380.859  483.146
7956  500.000  498.046  500.763  527.343  491.453
7966  500.000  498.046  504.621  498.046  501.286
7976  500.000  498.046  497.848  498.046  505.743
7986  500.000  498.046  495.876  498.046  506.847
7996  500.000  498.046  501.353  527.343  493.465
8006  500.000  468.749  495.944  527.343  490.147
8016  500.000  498.046  490.492  498.046  494.659
8026  500.000  468.749  493.258  498.046  508.829
8036  500.000  527.343  499.510  527.343  495.983
8046  500.000  527.343  500.870  498.046  494.789
8056  500.000  498.046  501.724  527.343  492.955
8066  500.000  498.046  500.044  498.046  494.043
8076  500.000  527.343  498.730  498.046  499.803
8085  500.000  410.156  494.758  527.343  511.425
8095  500.000  410.156  496.505  527.343  504.197
8105  500.000  380.859  496.889  527.343  504.650
8115  500.000  380.859  497.940  498.046  498.249
8124  500.000  556.640  506.617  527.343  492.943
8133  500.000  498.046  494.336  468.749  495.659
8143  500.000  498.046  491.069  527.343  503.587
8153  500.000  498.046  493.401  498.046  497.070
8163  500.000  527.343  500.229  732.421  500.018
8172  500.000  556.640  512.633  498.046  500.455
8182  500.000  527.343  517.285  498.046  496.234
8192  500.000  527.343  504.449  498.046  503.528
8202  500.000  556.640  504.128  380.859  494.913
8212  500.000  556.640  504.754  498.046  507.612
8222  500.000  556.640  507.860  498.046  510.558
8232  500.000  498.046  502.971  468.749  504.279
8242  500.000  527.343  510.087  468.749  501.540
8252  500.000  527.343  505.780  498.046  493.846
8262  500.000  527.343  500.462  498.046  500.382
8272  500.000  527.343  503.692  498.046  510.385
8282  500.000  527.343  506.890  468.749  506.982
8292  500.000  498.046  510.194  380.859  492.237
8302  500.000  527.343  513.049  498.046  486.003
8312  500.000  556.640  506.298  468.749  496.173
8322  500.000  556.640  499.156  498.046  504.974
8331  500.000  527.343  504.502  527.343  509.055
8340  500.000  527.343  498.252  498.046  509.578
8350  500.000  527.343  500.180  498.046  507.790
8360  500.000  527.343  502.774  498.046  492.613
8370  500.000  527.343  502.003  498.046  496.935
8379  500.000  410.156  489.565  527.343  496.829
8389  500.000  410.156  493.660  527.343  509.566
8399  500.000  380.859  496.479  527.343  512.245
8409  500.000  380.859  493.558  410.156  495.579
8418  500.000  527.343  501.319  410.156  484.968
8427  500.000  498.046  496.118  380.859  483.360
8437  500.000  498.046  494.839  468.749  489.823
8447  500.000  498.046  496.576  556.640  506.828
8457  500.000  498.046  493.189  498.046  509.123
8467  500.000  468.749  490.776  380.859  494.275
8477  500.000  498.046  495.264  498.046  489.947
8487  500.000  468.749  490.666  498.046  490.245
8497  500.000  498.046  486.816  498.046  496.698
8507  500.000  527.343  492.656  380.859  495.329
8517  500.000  498.046  492.087  527.343  499.413
8527  500.000  527.343  496.508  527.343  495.249
8537  500.000  498.046  497.011  527.343  496.131
8547  500.000  498.046  496.565  410.156  485.282
8557  500.000  498.046  492.916  527.343  491.221
8567  500.000  527.343  498.365  498.046  500.895
8577  500.000  351.562  492.029  498.046  505.461
8586  500.000  556.640  510.205  498.046  508.670
8596  500.000  527.343  506.174  527.343  504.626
8606  500.000  498.046  504.591  410.156  485.075
8616  500.000  527.343  496.906  498.046  495.914
8625  500.000  527.343  492.523  556.640  497.935
8634  500.000  527.343  504.601  498.046  502.373
8644  500.000  527.343  509.975  791.015  505.164
8654  500.000  498.046  511.521  468.749  494.928
8664  500.000  527.343  510.091  380.859  482.707
8673  500.000  556.640  500.700  351.562  488.848
8683  500.000  556.640  500.779  498.046  498.024
8693  500.000  527.343  497.818  527.343  511.929
8703  500.000  556.640  501.624  498.046  513.800
8713  500.000  527.343  498.741  468.749  506.247
8723  500.000  556.640  507.927  380.859  491.639
8733  500.000  556.640  503.425  498.046  496.410
8743  500.000  498.046  493.437  498.046  503.790
8753  500.000  498.046  494.834  498.046  511.615
8763  500.000  527.343  503.412  380.859  498.399
8773  500.000  556.640  507.437  498.046  496.364
8783  500.000  527.343  507.427  468.749  490.198
8793  500.000  556.640  505.052  468.749  499.933
8803  500.000  527.343  501.010  351.562  494.392
8813  500.000  527.343  496.899  498.046  502.543
8823  500.000  380.859  491.449  527.343  514.763
8832  500.000  527.343  501.842  556.640  509.037
8841  500.000  527.343  500.686  498.046  496.297
8851  500.000  498.046  495.477  498.046  499.052
8861  500.000  498.046  491.632  498.046  503.103
8871  500.000  498.046  494.844  527.343  501.620
8880  500.000  527.343  505.215  527.343  501.323
8890  500.000  527.343  504.252  527.343  500.761
8900  500.000  556.640  504.597  527.343  497.710
8910  500.000  556.640  506.377  527.343  504.032
8919  500.000  498.046  489.177  556.640  506.773
8928  500.000  527.343  506.308  527.343  505.724
8938  500.000  527.343  501.315  498.046  494.567
8948  500.000  468.749  497.845  527.343  502.612
8958  500.000  498.046  502.797  498.046  494.608
8968  500.000  527.343  500.831  498.046  493.224
8978  500.000  498.046  495.205  351.562  485.576
8988  500.000  468.749  496.036  527.343  499.373
8998  500.000  498.046  500.142  527.343  504.040
9008  500.000  468.749  499.009  498.046  500.061
9018  500.000  468.749  503.023  380.859  483.487
9028  500.000  498.046  504.146  498.046  486.372
9038  500.000  527.343  500.890  498.046  492.157
9048  500.000  498.046  500.228  527.343  508.838
9058  500.000  527.343  501.996  380.859  494.138
9068  500.000  468.749  500.059  527.343  501.044
9078  500.000  527.343  504.399  498.046  495.311
9087  500.000  527.343  497.451  527.343  494.567
9097  500.000  351.562  486.544  498.046  498.458
9107  500.000  380.859  491.775  498.046  507.001
9117  500.000  410.156  496.208  380.859  498.116
9126  500.000  556.640  508.804  498.046  493.380
9135  500.000  498.046  503.053  498.046  487.370
9145  500.000  527.343  505.349  498.046  486.515
9155  500.000  527.343  499.699  468.749  492.373
9165  500.000  498.046  496.004  468.749  501.310
9174  500.000  527.343  506.758  527.343  514.660
9184  0.000  556.640  509.940  498.046  506.191
9193  0.000  439.453  456.232  410.156  452.969
9202  0.000  146.484  272.021  175.781  272.127
9211  0.000  58.593  106.565  39.062  128.780
9220  0.000  58.593  79.695 -58.593 -16.957
9229  0.000 -39.062 -19.783  58.593  6.928
9238  0.000  23.437  32.770 -43.945 -13.720
9247  0.000 -29.296 -23.159  48.828 -3.985
9256  0.000  29.296  18.638 -58.593 -7.472
9265  0.000 -29.296 -15.150  48.828  5.128
9274  0.000  23.437  12.643 -39.062 -0.211
9283  0.000  11.718 -8.662  39.062  16.070
9292  0.000  11.718  8.659 -39.062 -8.308
9301  0.000 -0.915  6.085  48.828  25.592
9310  0.000 -0.915  0.135 -16.741 -8.198
9319  0.000  0.915  0.363  19.531  5.764
9328  0.000  0.915  0.823 -11.718 -4.208
9336  0.000  0.000  0.302 -11.718 -10.327
9344  0.000  0.000  0.055  2.746 -1.534
9352  0.000  0.000  0.010  2.746  1.953
9360  0.000  0.000  0.001 -4.340 -3.174
9368  0.000  0.000  0.000  6.510  4.244
9376  0.000  0.000  0.000 -9.765 -6.834
9384  0.000  0.000  0.000  7.324  4.348
9392  0.000  0.000  0.000 -6.510 -3.545
9400  0.000  0.000  0.000  7.324  4.357
9408  0.000  0.000  0.000 -16.741 -7.460
9416  0.000 -1.831 -1.192  19.531  15.167
9424  0.000 -1.831 -1.712 -5.326  10.174
9432  0.000  1.831  0.576  18.310  14.507
9441  0.000  1.831  1.642 -5.580  3.104
9449  0.000  0.000  0.482  7.324  3.934
9457  0.000  0.000  0.089  7.324  6.696
9465  0.000  0.000  0.016 -0.915  2.160
9473  0.000  0.000  0.003 -0.915 -0.345
9481  0.000 -0.915 -0.656 -1.831 -1.370
9489  0.000 -0.915 -0.867 -1.831 -1.745
9497  0.000  0.915  0.407  1.831  0.428
9505  0.000  0.915  0.821  1.831  1.571
9513  0.000  0.000  0.241 -1.831 -0.460
9521  0.000  0.000  0.044 -1.831 -1.577
9529  0.000  0.000  0.008  1.831  0.459
9537  0.000  0.000  0.001  1.831  1.576
9545  0.000  0.000  0.000  0.000  0.662
9553  0.000  0.000  0.000  0.000  0.122
9561  0.000 -1.831 -1.313  0.000  0.022
9569  0.000 -1.831 -1.735  0.000  0.004
9577  0.000  1.831  0.701  0.000  0.000
9585  0.000  1.831  1.621  0.000  0.000
9593  0.000  0.000  0.535  0.000  0.000
9601  0.000  0.000  0.099  0.000  0.000
9609  0.000 -1.831 -1.238 -1.831 -1.042
9617  0.000 -1.831 -1.721 -1.831 -1.684
9625  0.000  0.000 -0.554  1.831  0.281
9633  0.000  0.000 -0.102  1.831  1.543
9641  0.000  1.831  1.237 -1.831 -0.307
9649  0.000  1.831  1.721 -1.831 -1.548
9657  0.000  0.000  0.554  1.831  0.306
9665  0.000  0.000  0.102  1.831  1.548
9673  0.000  0.000  0.019 -1.831 -0.306
9681  0.000  0.000  0.003 -1.831 -1.548
9689  0.000  0.000  0.000  0.000 -0.735
9697  0.000  0.000  0.000  0.000 -0.136
9705  0.000  0.000  0.000  0.000 -0.025
9713  0.000  0.000  0.000  0.000 -0.004
9721  0.000  0.000  0.000  1.831  1.041
9729  0.000  0.000  0.000  1.831  1.684
9737  0.000  0.000  0.000 -1.831 -0.281
9745  0.000  0.000  0.000 -1.831 -1.543
9753  0.000 -0.915 -0.628  1.831  0.307
9761  0.000 -0.915 -0.862  1.831  1.548
9769  0.000 -0.915 -0.905 -0.915  0.214
9777  0.000 -0.915 -0.913 -0.915 -0.706
9785  0.000  1.831  0.969  0.915  0.166
9793  0.000  1.831  1.671  0.915  0.776
9801  0.000  0.000  0.545  0.000  0.368
9809  0.000  0.000  0.100  0.000  0.068
9817  0.000  0.000  0.018  0.000  0.012
9825  0.000  0.000  0.003  0.000  0.002
9833  0.000 -1.831 -1.191 -1.831 -0.954
9841  0.000 -1.831 -1.712 -1.831 -1.668
9849  0.000  1.831  0.576  1.831  0.109
9857  0.000  1.831  1.598  1.831  1.512
9865  0.000 -1.831 -0.597  0.000  0.816
9873  0.000 -1.831 -1.602  0.000  0.151
9881  0.000  1.831  0.596  0.000  0.028
9889  0.000  1.831  1.602  0.000  0.005
9897  0.000 -1.831 -0.596 -1.831 -0.954
9905  0.000 -1.831 -1.602 -1.831 -1.668
9913  0.000  0.000 -0.596  1.831  0.109
9921  0.000  0.000 -0.110  1.831  1.512